17.500002,0.014271,-17.500002,-0.014271
17.500004,0.028543,-17.500004,-0.028543
17.500008,0.042814,-17.500008,-0.042814
17.500011,0.057086,-17.500011,-0.057086
17.500017,0.071357,-17.500017,-0.071357
17.500023,0.085628,-17.500023,-0.085628
17.500031,0.099900,-17.500031,-0.099900
17.500040,0.114171,-17.500040,-0.114171
17.500050,0.128442,-17.500050,-0.128442
17.500061,0.142714,-17.500061,-0.142714
17.500072,0.156985,-17.500072,-0.156985
17.500086,0.171257,-17.500086,-0.171257
17.500099,0.185528,-17.500099,-0.185528
17.500114,0.199800,-17.500114,-0.199800
17.500132,0.214071,-17.500132,-0.214071
17.500149,0.228343,-17.500149,-0.228343
17.500168,0.242614,-17.500168,-0.242614
17.500187,0.256886,-17.500187,-0.256886
17.500208,0.271157,-17.500208,-0.271157
17.500229,0.285429,-17.500229,-0.285429
17.500252,0.299700,-17.500252,-0.299700
17.500277,0.313972,-17.500277,-0.313972
17.500301,0.328243,-17.500301,-0.328243
17.500328,0.342515,-17.500328,-0.342515
17.500355,0.356787,-17.500355,-0.356787
17.500383,0.371058,-17.500383,-0.371058
17.500412,0.385330,-17.500412,-0.385330
17.500443,0.399602,-17.500443,-0.399602
17.500475,0.413873,-17.500475,-0.413873
17.500507,0.428145,-17.500507,-0.428145
17.500542,0.442417,-17.500542,-0.442417
17.500576,0.456689,-17.500576,-0.456689
17.500612,0.470961,-17.500612,-0.470961
17.500648,0.485233,-17.500648,-0.485233
17.500687,0.499505,-17.500687,-0.499505
17.500727,0.513776,-17.500727,-0.513776
17.500767,0.528048,-17.500767,-0.528048
17.500809,0.542320,-17.500809,-0.542320
17.500851,0.556592,-17.500851,-0.556592
17.500895,0.570864,-17.500895,-0.570864
17.500938,0.585137,-17.500938,-0.585137
17.500984,0.599409,-17.500984,-0.599409
17.501032,0.613681,-17.501032,-0.613681
17.501080,0.627953,-17.501080,-0.627953
17.501129,0.642225,-17.501129,-0.642225
17.501179,0.656498,-17.501179,-0.656498
17.501230,0.670770,-17.501230,-0.670770
17.501282,0.685042,-17.501282,-0.685042
17.501335,0.699315,-17.501335,-0.699315
17.501390,0.713587,-17.501390,-0.713587
17.501446,0.727860,-17.501446,-0.727860
17.501503,0.742132,-17.501503,-0.742132
17.501560,0.756405,-17.501560,-0.756405
17.501619,0.770678,-17.501619,-0.770678
17.501678,0.784950,-17.501678,-0.784950
17.501740,0.799223,-17.501740,-0.799223
17.501802,0.813496,-17.501802,-0.813496
17.501865,0.827769,-17.501865,-0.827769
17.501930,0.842041,-17.501930,-0.842041
17.501995,0.856314,-17.501995,-0.856314
17.502062,0.870587,-17.502062,-0.870587
17.502129,0.884860,-17.502129,-0.884860
17.502197,0.899134,-17.502197,-0.899134
17.502268,0.913407,-17.502268,-0.913407
17.502338,0.927680,-17.502338,-0.927680
17.502411,0.941953,-17.502411,-0.941953
17.502483,0.956227,-17.502483,-0.956227
17.502558,0.970500,-17.502558,-0.970500
17.502632,0.984773,-17.502632,-0.984773
17.502708,0.999047,-17.502708,-0.999047
17.502785,1.013321,-17.502785,-1.013321
17.502863,1.027594,-17.502863,-1.027594
17.502943,1.041868,-17.502943,-1.041868
17.503023,1.056142,-17.503023,-1.056142
17.503105,1.070416,-17.503105,-1.070416
17.503187,1.084689,-17.503187,-1.084689
17.503271,1.098963,-17.503271,-1.098963
17.503355,1.113238,-17.503355,-1.113238
17.503441,1.127512,-17.503441,-1.127512
17.503529,1.141786,-17.503529,-1.141786
17.503616,1.156060,-17.503616,-1.156060
17.503706,1.170334,-17.503706,-1.170334
17.503796,1.184609,-17.503796,-1.184609
17.503887,1.198883,-17.503887,-1.198883
17.503979,1.213158,-17.503979,-1.213158
17.504072,1.227432,-17.504072,-1.227432
17.504168,1.241707,-17.504168,-1.241707
17.504263,1.255982,-17.504263,-1.255982
17.504360,1.270257,-17.504360,-1.270257
17.504457,1.284531,-17.504457,-1.284531
17.504557,1.298806,-17.504557,-1.298806
17.504656,1.313082,-17.504656,-1.313082
17.504757,1.327357,-17.504757,-1.327357
17.504860,1.341632,-17.504860,-1.341632
17.504963,1.355907,-17.504963,-1.355907
17.505068,1.370183,-17.505068,-1.370183
17.505173,1.384458,-17.505173,-1.384458
17.505280,1.398734,-17.505280,-1.398734
17.505386,1.413009,-17.505386,-1.413009
17.505495,1.427285,-17.505495,-1.427285
17.505604,1.441561,-17.505604,-1.441561
17.505714,1.455837,-17.505714,-1.455837
17.505827,1.470113,-17.505827,-1.470113
17.505939,1.484389,-17.505939,-1.484389
17.506054,1.498665,-17.506054,-1.498665
17.506168,1.512941,-17.506168,-1.512941
17.506285,1.527218,-17.506285,-1.527218
17.506401,1.541494,-17.506401,-1.541494
17.506519,1.555771,-17.506519,-1.555771
17.506639,1.570047,-17.506639,-1.570047
17.506760,1.584324,-17.506760,-1.584324
17.506882,1.598601,-17.506882,-1.598601
17.507004,1.612878,-17.507004,-1.612878
17.507128,1.627155,-17.507128,-1.627155
17.507252,1.641432,-17.507252,-1.641432
17.507378,1.655710,-17.507378,-1.655710
17.507505,1.669987,-17.507505,-1.669987
17.507633,1.684264,-17.507633,-1.684264
17.507763,1.698542,-17.507763,-1.698542
17.507893,1.712820,-17.507893,-1.712820
17.508024,1.727097,-17.508024,-1.727097
17.508156,1.741375,-17.508156,-1.741375
17.508289,1.755653,-17.508289,-1.755653
17.508423,1.769931,-17.508423,-1.769931
17.508558,1.784209,-17.508558,-1.784209
17.508696,1.798488,-17.508696,-1.798488
17.508833,1.812766,-17.508833,-1.812766
17.508972,1.827045,-17.508972,-1.827045
17.509111,1.841323,-17.509111,-1.841323
17.509253,1.855602,-17.509253,-1.855602
17.509394,1.869881,-17.509394,-1.869881
17.509537,1.884160,-17.509537,-1.884160
17.509682,1.898439,-17.509682,-1.898439
17.509827,1.912718,-17.509827,-1.912718
17.509974,1.926998,-17.509974,-1.926998
17.510120,1.941277,-17.510120,-1.941277
17.510269,1.955557,-17.510269,-1.955557
17.510418,1.969837,-17.510418,-1.969837
17.510569,1.984116,-17.510569,-1.984116
17.510719,1.998396,-17.510719,-1.998396
17.510872,2.012676,-17.510872,-2.012676
17.511026,2.026957,-17.511026,-2.026957
17.511181,2.041237,-17.511181,-2.041237
17.511337,2.055517,-17.511337,-2.055517
17.511494,2.069798,-17.511494,-2.069798
17.511652,2.084078,-17.511652,-2.084078
17.511810,2.098359,-17.511810,-2.098359
17.511971,2.112640,-17.511971,-2.112640
17.512131,2.126921,-17.512131,-2.126921
17.512293,2.141202,-17.512293,-2.141202
17.512457,2.155484,-17.512457,-2.155484
17.512621,2.169765,-17.512621,-2.169765
17.512787,2.184047,-17.512787,-2.184047
17.512953,2.198328,-17.512953,-2.198328
17.513121,2.212610,-17.513121,-2.212610
17.513288,2.226892,-17.513288,-2.226892
17.513458,2.241174,-17.513458,-2.241174
17.513628,2.255457,-17.513628,-2.255457
17.513800,2.269739,-17.513800,-2.269739
17.513973,2.284022,-17.513973,-2.284022
17.514147,2.298304,-17.514147,-2.298304
17.514322,2.312587,-17.514322,-2.312587
17.514498,2.326870,-17.514498,-2.326870
17.514675,2.341153,-17.514675,-2.341153
17.514853,2.355436,-17.514853,-2.355436
17.515032,2.369720,-17.515032,-2.369720
17.515211,2.384003,-17.515211,-2.384003
17.515392,2.398287,-17.515392,-2.398287
17.515575,2.412571,-17.515575,-2.412571
17.515759,2.426855,-17.515759,-2.426855
17.515944,2.441139,-17.515944,-2.441139
17.516129,2.455423,-17.516129,-2.455423
17.516315,2.469707,-17.516315,-2.469707
17.516502,2.483992,-17.516502,-2.483992
17.516691,2.498276,-17.516691,-2.498276
17.516880,2.512561,-17.516880,-2.512561
17.517071,2.526846,-17.517071,-2.526846
17.517263,2.541131,-17.517263,-2.541131
17.517456,2.555417,-17.517456,-2.555417
17.517651,2.569702,-17.517651,-2.569702
17.517845,2.583988,-17.517845,-2.583988
17.518042,2.598274,-17.518042,-2.598274
17.518238,2.612560,-17.518238,-2.612560
17.518436,2.626846,-17.518436,-2.626846
17.518635,2.641132,-17.518635,-2.641132
17.518835,2.655418,-17.518835,-2.655418
17.519037,2.669705,-17.519037,-2.669705
17.519239,2.683991,-17.519239,-2.683991
17.519444,2.698278,-17.519444,-2.698278
17.519648,2.712565,-17.519648,-2.712565
17.519854,2.726852,-17.519854,-2.726852
17.520060,2.741140,-17.520060,-2.741140
17.520267,2.755427,-17.520267,-2.755427
17.520475,2.769715,-17.520475,-2.769715
17.520685,2.784003,-17.520685,-2.784003
17.520895,2.798291,-17.520895,-2.798291
17.521107,2.812579,-17.521107,-2.812579
17.521320,2.826868,-17.521320,-2.826868
17.521534,2.841156,-17.521534,-2.841156
17.521749,2.855445,-17.521749,-2.855445
17.521965,2.869734,-17.521965,-2.869734
17.522182,2.884023,-17.522182,-2.884023
17.522400,2.898312,-17.522400,-2.898312
17.522619,2.912601,-17.522619,-2.912601
17.522839,2.926891,-17.522839,-2.926891
17.523060,2.941180,-17.523060,-2.941180
17.523283,2.955470,-17.523283,-2.955470
17.523506,2.969760,-17.523506,-2.969760
17.523731,2.984051,-17.523731,-2.984051
17.523956,2.998341,-17.523956,-2.998341
17.524183,3.012632,-17.524183,-3.012632
17.524410,3.026922,-17.524410,-3.026922
17.524639,3.041214,-17.524639,-3.041214
17.524868,3.055505,-17.524868,-3.055505
17.525099,3.069796,-17.525099,-3.069796
17.525330,3.084087,-17.525330,-3.084087
17.525562,3.098379,-17.525562,-3.098379
17.525797,3.112671,-17.525797,-3.112671
17.526031,3.126963,-17.526031,-3.126963
17.526268,3.141255,-17.526268,-3.141255
17.526505,3.155548,-17.526505,-3.155548
17.526743,3.169840,-17.526743,-3.169840
17.526981,3.184133,-17.526981,-3.184133
17.527222,3.198426,-17.527222,-3.198426
17.527462,3.212719,-17.527462,-3.212719
17.527704,3.227013,-17.527704,-3.227013
17.527946,3.241306,-17.527946,-3.241306
17.528191,3.255600,-17.528191,-3.255600
17.528435,3.269894,-17.528435,-3.269894
17.528681,3.284188,-17.528681,-3.284188
17.528929,3.298482,-17.528929,-3.298482
17.529177,3.312777,-17.529177,-3.312777
17.529427,3.327072,-17.529427,-3.327072
17.529676,3.341367,-17.529676,-3.341367
17.529928,3.355662,-17.529928,-3.355662
17.530180,3.369957,-17.530180,-3.369957
17.530434,3.384253,-17.530434,-3.384253
17.530687,3.398548,-17.530687,-3.398548
17.530943,3.412844,-17.530943,-3.412844
17.531199,3.427140,-17.531199,-3.427140
17.531456,3.441437,-17.531456,-3.441437
17.531713,3.455733,-17.531713,-3.455733
17.531973,3.470030,-17.531973,-3.470030
17.532234,3.484327,-17.532234,-3.484327
17.532495,3.498624,-17.532495,-3.498624
17.532759,3.512921,-17.532759,-3.512921
17.533022,3.527219,-17.533022,-3.527219
17.533287,3.541516,-17.533287,-3.541516
17.533552,3.555814,-17.533552,-3.555814
17.533819,3.570112,-17.533819,-3.570112
17.534086,3.584411,-17.534086,-3.584411
17.534355,3.598709,-17.534355,-3.598709
17.534624,3.613008,-17.534624,-3.613008
17.534895,3.627307,-17.534895,-3.627307
17.535166,3.641606,-17.535166,-3.641606
17.535439,3.655905,-17.535439,-3.655905
17.535713,3.670205,-17.535713,-3.670205
17.535988,3.684505,-17.535988,-3.684505
17.536264,3.698805,-17.536264,-3.698805
17.536541,3.713105,-17.536541,-3.713105
17.536819,3.727406,-17.536819,-3.727406
17.537098,3.741706,-17.537098,-3.741706
17.537378,3.756007,-17.537378,-3.756007
17.537659,3.770308,-17.537659,-3.770308
17.537941,3.784610,-17.537941,-3.784610
17.538223,3.798911,-17.538223,-3.798911
17.538507,3.813213,-17.538507,-3.813213
17.538792,3.827515,-17.538792,-3.827515
17.539078,3.841817,-17.539078,-3.841817
17.539364,3.856120,-17.539364,-3.856120
17.539652,3.870422,-17.539652,-3.870422
17.539942,3.884725,-17.539942,-3.884725
17.540232,3.899029,-17.540232,-3.899029
17.540524,3.913332,-17.540524,-3.913332
17.540815,3.927635,-17.540815,-3.927635
17.541109,3.941939,-17.541109,-3.941939
17.541403,3.956243,-17.541403,-3.956243
17.541698,3.970547,-17.541698,-3.970547
17.541994,3.984851,-17.541994,-3.984851
17.542292,3.999156,-17.542292,-3.999156
17.542589,4.013461,-17.542589,-4.013461
17.542889,4.027766,-17.542889,-4.027766
17.543188,4.042072,-17.543188,-4.042072
17.543489,4.056377,-17.543489,-4.056377
17.543791,4.070683,-17.543791,-4.070683
17.544094,4.084990,-17.544094,-4.084990
17.544397,4.099296,-17.544397,-4.099296
17.544703,4.113602,-17.544703,-4.113602
17.545008,4.127909,-17.545008,-4.127909
17.545315,4.142216,-17.545315,-4.142216
17.545624,4.156523,-17.545624,-4.156523
17.545933,4.170830,-17.545933,-4.170830
17.546244,4.185138,-17.546244,-4.185138
17.546555,4.199446,-17.546555,-4.199446
17.546867,4.213754,-17.546867,-4.213754
17.547180,4.228062,-17.547180,-4.228062
17.547495,4.242371,-17.547495,-4.242371
17.547810,4.256680,-17.547810,-4.256680
17.548126,4.270988,-17.548126,-4.270988
17.548443,4.285298,-17.548443,-4.285298
17.548761,4.299607,-17.548761,-4.299607
17.549080,4.313917,-17.549080,-4.313917
17.549400,4.328228,-17.549400,-4.328228
17.549721,4.342538,-17.549721,-4.342538
17.550043,4.356849,-17.550043,-4.356849
17.550365,4.371160,-17.550365,-4.371160
17.550690,4.385471,-17.550690,-4.385471
17.551014,4.399782,-17.551014,-4.399782
17.551340,4.414094,-17.551340,-4.414094
17.551666,4.428406,-17.551666,-4.428406
17.551994,4.442718,-17.551994,-4.442718
17.552322,4.457030,-17.552322,-4.457030
17.552652,4.471343,-17.552652,-4.471343
17.552982,4.485656,-17.552982,-4.485656
17.553314,4.499969,-17.553314,-4.499969
17.553648,4.514282,-17.553648,-4.514282
17.553982,4.528596,-17.553982,-4.528596
17.554317,4.542910,-17.554317,-4.542910
17.554653,4.557224,-17.554653,-4.557224
17.554991,4.571538,-17.554991,-4.571538
17.555328,4.585853,-17.555328,-4.585853
17.555668,4.600167,-17.555668,-4.600167
17.556007,4.614482,-17.556007,-4.614482
17.556349,4.628798,-17.556349,-4.628798
17.556690,4.643114,-17.556690,-4.643114
17.557034,4.657430,-17.557034,-4.657430
17.557377,4.671746,-17.557377,-4.671746
17.557722,4.686062,-17.557722,-4.686062
17.558067,4.700379,-17.558067,-4.700379
17.558414,4.714696,-17.558414,-4.714696
17.558762,4.729013,-17.558762,-4.729013
17.559111,4.743330,-17.559111,-4.743330
17.559460,4.757648,-17.559460,-4.757648
17.559811,4.771966,-17.559811,-4.771966
17.560162,4.786284,-17.560162,-4.786284
17.560514,4.800603,-17.560514,-4.800603
17.560867,4.814922,-17.560867,-4.814922
17.561222,4.829241,-17.561222,-4.829241
17.561577,4.843560,-17.561577,-4.843560
17.561934,4.857880,-17.561934,-4.857880
17.562290,4.872200,-17.562290,-4.872200
17.562649,4.886520,-17.562649,-4.886520
17.563007,4.900840,-17.563007,-4.900840
17.563368,4.915161,-17.563368,-4.915161
17.563728,4.929482,-17.563728,-4.929482
17.564091,4.943803,-17.564091,-4.943803
17.564453,4.958125,-17.564453,-4.958125
17.564817,4.972446,-17.564817,-4.972446
17.565182,4.986768,-17.565182,-4.986768
17.565548,5.001091,-17.565548,-5.001091
17.565914,5.015413,-17.565914,-5.015413
17.566282,5.029736,-17.566282,-5.029736
17.566650,5.044059,-17.566650,-5.044059
17.567020,5.058383,-17.567020,-5.058383
17.567390,5.072706,-17.567390,-5.072706
17.567762,5.087030,-17.567762,-5.087030
17.568134,5.101355,-17.568134,-5.101355
17.568508,5.115679,-17.568508,-5.115679
17.568882,5.130004,-17.568882,-5.130004
17.569258,5.144329,-17.569258,-5.144329
17.569633,5.158654,-17.569633,-5.158654
17.570011,5.172980,-17.570011,-5.172980
17.570389,5.187306,-17.570389,-5.187306
17.570768,5.201632,-17.570768,-5.201632
17.571148,5.215959,-17.571148,-5.215959
17.571529,5.230285,-17.571529,-5.230285
17.571911,5.244612,-17.571911,-5.244612
17.572294,5.258940,-17.572294,-5.258940
17.572678,5.273267,-17.572678,-5.273267
17.573063,5.287595,-17.573063,-5.287595
17.573448,5.301923,-17.573448,-5.301923
17.573835,5.316252,-17.573835,-5.316252
17.574223,5.330581,-17.574223,-5.330581
17.574612,5.344910,-17.574612,-5.344910
17.575001,5.359239,-17.575001,-5.359239
17.575392,5.373569,-17.575392,-5.373569
17.575783,5.387898,-17.575783,-5.387898
17.576176,5.402229,-17.576176,-5.402229
17.576569,5.416559,-17.576569,-5.416559
17.576963,5.430890,-17.576963,-5.430890
17.577358,5.445221,-17.577358,-5.445221
17.577755,5.459552,-17.577755,-5.459552
17.578152,5.473884,-17.578152,-5.473884
17.578550,5.488216,-17.578550,-5.488216
17.578949,5.502548,-17.578949,-5.502548
17.579350,5.516881,-17.579350,-5.516881
17.579750,5.531214,-17.579750,-5.531214
17.580153,5.545547,-17.580153,-5.545547
17.580555,5.559880,-17.580555,-5.559880
17.580959,5.574214,-17.580959,-5.574214
17.581364,5.588548,-17.581364,-5.588548
17.581770,5.602882,-17.581770,-5.602882
17.582176,5.617217,-17.582176,-5.617217
17.582584,5.631552,-17.582584,-5.631552
17.582993,5.645887,-17.582993,-5.645887
17.583403,5.660223,-17.583403,-5.660223
17.583813,5.674558,-17.583813,-5.674558
17.584225,5.688894,-17.584225,-5.688894
17.584637,5.703231,-17.584637,-5.703231
17.585051,5.717567,-17.585051,-5.717567
17.585464,5.731905,-17.585464,-5.731905
17.585880,5.746242,-17.585880,-5.746242
17.586296,5.760580,-17.586296,-5.760580
17.586714,5.774918,-17.586714,-5.774918
17.587132,5.789256,-17.587132,-5.789256
17.587551,5.803594,-17.587551,-5.803594
17.587971,5.817933,-17.587971,-5.817933
17.588392,5.832272,-17.588392,-5.832272
17.588814,5.846611,-17.588814,-5.846611
17.589237,5.860951,-17.589237,-5.860951
17.589661,5.875291,-17.589661,-5.875291
17.590084,5.889632,-17.590084,-5.889632
17.590509,5.903973,-17.590509,-5.903973
17.590935,5.918314,-17.590935,-5.918314
17.591362,5.932655,-17.591362,-5.932655
17.591789,5.946997,-17.591789,-5.946997
17.592218,5.961339,-17.592218,-5.961339
17.592648,5.975681,-17.592648,-5.975681
17.593079,5.990023,-17.593079,-5.990023
17.593510,6.004366,-17.593510,-6.004366
17.593943,6.018709,-17.593943,-6.018709
17.594376,6.033052,-17.594376,-6.033052
17.594810,6.047396,-17.594810,-6.047396
17.595245,6.061740,-17.595245,-6.061740
17.595682,6.076085,-17.595682,-6.076085
17.596119,6.090429,-17.596119,-6.090429
17.596558,6.104774,-17.596558,-6.104774
17.596996,6.119120,-17.596996,-6.119120
17.597437,6.133465,-17.597437,-6.133465
17.597878,6.147811,-17.597878,-6.147811
17.598320,6.162158,-17.598320,-6.162158
17.598763,6.176504,-17.598763,-6.176504
17.599207,6.190851,-17.599207,-6.190851
17.599651,6.205198,-17.599651,-6.205198
17.600096,6.219546,-17.600096,-6.219546
17.600542,6.233894,-17.600542,-6.233894
17.600988,6.248242,-17.600988,-6.248242
17.601437,6.262590,-17.601437,-6.262590
17.601885,6.276939,-17.601885,-6.276939
17.602335,6.291288,-17.602335,-6.291288
17.602785,6.305638,-17.602785,-6.305638
17.603237,6.319988,-17.603237,-6.319988
17.603689,6.334338,-17.603689,-6.334338
17.604143,6.348688,-17.604143,-6.348688
17.604597,6.363039,-17.604597,-6.363039
17.605053,6.377390,-17.605053,-6.377390
17.605509,6.391741,-17.605509,-6.391741
17.605967,6.406093,-17.605967,-6.406093
17.606424,6.420445,-17.606424,-6.420445
17.606884,6.434797,-17.606884,-6.434797
17.607344,6.449150,-17.607344,-6.449150
17.607803,6.463503,-17.607803,-6.463503
17.608265,6.477857,-17.608265,-6.477857
17.608727,6.492210,-17.608727,-6.492210
17.609190,6.506565,-17.609190,-6.506565
17.609653,6.520919,-17.609653,-6.520919
17.610119,6.535274,-17.610119,-6.535274
17.610584,6.549629,-17.610584,-6.549629
17.611052,6.563984,-17.611052,-6.563984
17.611519,6.578340,-17.611519,-6.578340
17.611988,6.592696,-17.611988,-6.592696
17.612457,6.607052,-17.612457,-6.607052
17.612928,6.621408,-17.612928,-6.621408
17.613400,6.635766,-17.613400,-6.635766
17.613873,6.650123,-17.613873,-6.650123
17.614346,6.664481,-17.614346,-6.664481
17.614819,6.678839,-17.614819,-6.678839
17.615294,6.693197,-17.615294,-6.693197
17.615768,6.707556,-17.615768,-6.707556
17.616245,6.721915,-17.616245,-6.721915
17.616722,6.736274,-17.616722,-6.736274
17.617201,6.750634,-17.617201,-6.750634
17.617680,6.764994,-17.617680,-6.764994
17.618160,6.779354,-17.618160,-6.779354
17.618641,6.793715,-17.618641,-6.793715
17.619123,6.808076,-17.619123,-6.808076
17.619606,6.822437,-17.619606,-6.822437
17.620089,6.836799,-17.620089,-6.836799
17.620573,6.851161,-17.620573,-6.851161
17.621058,6.865523,-17.621058,-6.865523
17.621544,6.879886,-17.621544,-6.879886
17.622030,6.894249,-17.622030,-6.894249
17.622519,6.908612,-17.622519,-6.908612
17.623007,6.922976,-17.623007,-6.922976
17.623497,6.937340,-17.623497,-6.937340
17.623987,6.951705,-17.623987,-6.951705
17.624479,6.966069,-17.624479,-6.966069
17.624971,6.980434,-17.624971,-6.980434
17.625463,6.994800,-17.625463,-6.994800
17.625957,7.009165,-17.625957,-7.009165
17.626451,7.023531,-17.626451,-7.023531
17.626947,7.037898,-17.626947,-7.037898
17.627443,7.052265,-17.627443,-7.052265
17.627941,7.066632,-17.627941,-7.066632
17.628439,7.080999,-17.628439,-7.080999
17.628939,7.095367,-17.628939,-7.095367
17.629438,7.109735,-17.629438,-7.109735
17.629940,7.124104,-17.629940,-7.124104
17.630442,7.138473,-17.630442,-7.138473
17.630943,7.152842,-17.630943,-7.152842
17.631447,7.167212,-17.631447,-7.167212
17.631950,7.181581,-17.631950,-7.181581
17.632456,7.195952,-17.632456,-7.195952
17.632961,7.210322,-17.632961,-7.210322
17.633469,7.224693,-17.633469,-7.224693
17.633976,7.239065,-17.633976,-7.239065
17.634485,7.253437,-17.634485,-7.253437
17.634995,7.267808,-17.634995,-7.267808
17.635504,7.282181,-17.635504,-7.282181
17.636015,7.296554,-17.636015,-7.296554
17.636526,7.310926,-17.636526,-7.310926
17.637039,7.325300,-17.637039,-7.325300
17.637552,7.339674,-17.637552,-7.339674
17.638067,7.354048,-17.638067,-7.354048
17.638582,7.368422,-17.638582,-7.368422
17.639099,7.382797,-17.639099,-7.382797
17.639616,7.397172,-17.639616,-7.397172
17.640133,7.411548,-17.640133,-7.411548
17.640652,7.425923,-17.640652,-7.425923
17.641171,7.440300,-17.641171,-7.440300
17.641691,7.454676,-17.641691,-7.454676
17.642212,7.469053,-17.642212,-7.469053
17.642735,7.483430,-17.642735,-7.483430
17.643257,7.497808,-17.643257,-7.497808
17.643782,7.512186,-17.643782,-7.512186
17.644306,7.526565,-17.644306,-7.526565
17.644831,7.540943,-17.644831,-7.540943
17.645357,7.555322,-17.645357,-7.555322
17.645884,7.569702,-17.645884,-7.569702
17.646412,7.584082,-17.646412,-7.584082
17.646940,7.598462,-17.646940,-7.598462
17.647470,7.612842,-17.647470,-7.612842
17.648001,7.627223,-17.648001,-7.627223
17.648531,7.641604,-17.648531,-7.641604
17.649063,7.655986,-17.649063,-7.655986
17.649595,7.670368,-17.649595,-7.670368
17.650129,7.684750,-17.650129,-7.684750
17.650663,7.699133,-17.650663,-7.699133
17.651199,7.713516,-17.651199,-7.713516
17.651735,7.727899,-17.651735,-7.727899
17.652271,7.742283,-17.652271,-7.742283
17.652809,7.756667,-17.652809,-7.756667
17.653347,7.771051,-17.653347,-7.771051
17.653887,7.785436,-17.653887,-7.785436
17.654427,7.799821,-17.654427,-7.799821
17.654968,7.814207,-17.654968,-7.814207
17.655510,7.828593,-17.655510,-7.828593
17.656052,7.842979,-17.656052,-7.842979
17.656595,7.857366,-17.656595,-7.857366
17.657139,7.871753,-17.657139,-7.871753
17.657684,7.886140,-17.657684,-7.886140
17.658230,7.900527,-17.658230,-7.900527
17.658777,7.914916,-17.658777,-7.914916
17.659325,7.929304,-17.659325,-7.929304
17.659872,7.943693,-17.659872,-7.943693
17.660421,7.958082,-17.660421,-7.958082
17.660971,7.972471,-17.660971,-7.972471
17.661522,7.986861,-17.661522,-7.986861
17.662073,8.001251,-17.662073,-8.001251
17.662626,8.015642,-17.662626,-8.015642
17.663179,8.030033,-17.663179,-8.030033
17.663733,8.044424,-17.663733,-8.044424
17.664288,8.058816,-17.664288,-8.058816
17.664843,8.073208,-17.664843,-8.073208
17.665400,8.087601,-17.665400,-8.087601
17.665956,8.101994,-17.665956,-8.101994
17.666515,8.116386,-17.666515,-8.116386
17.667074,8.130780,-17.667074,-8.130780
17.667633,8.145174,-17.667633,-8.145174
17.668194,8.159569,-17.668194,-8.159569
17.668755,8.173964,-17.668755,-8.173964
17.669317,8.188358,-17.669317,-8.188358
17.669880,8.202754,-17.669880,-8.202754
17.670443,8.217150,-17.670443,-8.217150
17.671007,8.231545,-17.671007,-8.231545
17.671572,8.245942,-17.671572,-8.245942
17.672138,8.260339,-17.672138,-8.260339
17.672705,8.274736,-17.672705,-8.274736
17.673273,8.289134,-17.673273,-8.289134
17.673841,8.303532,-17.673841,-8.303532
17.674410,8.317930,-17.674410,-8.317930
17.674980,8.332329,-17.674980,-8.332329
17.675550,8.346728,-17.675550,-8.346728
17.676123,8.361128,-17.676123,-8.361128
17.676695,8.375527,-17.676695,-8.375527
17.677267,8.389928,-17.677267,-8.389928
17.677841,8.404328,-17.677841,-8.404328
17.678415,8.418730,-17.678415,-8.418730
17.678991,8.433131,-17.678991,-8.433131
17.679567,8.447533,-17.679567,-8.447533
17.680145,8.461935,-17.680145,-8.461935
17.680723,8.476337,-17.680723,-8.476337
17.681301,8.490741,-17.681301,-8.490741
17.681881,8.505144,-17.681881,-8.505144
17.682461,8.519547,-17.682461,-8.519547
17.683043,8.533952,-17.683043,-8.533952
17.683624,8.548356,-17.683624,-8.548356
17.684206,8.562760,-17.684206,-8.562760
17.684790,8.577166,-17.684790,-8.577166
17.685373,8.591571,-17.685373,-8.591571
17.685959,8.605977,-17.685959,-8.605977
17.686544,8.620383,-17.686544,-8.620383
17.687130,8.634789,-17.687130,-8.634789
17.687717,8.649197,-17.687717,-8.649197
17.688305,8.663604,-17.688305,-8.663604
17.688894,8.678012,-17.688894,-8.678012
17.689484,8.692420,-17.689484,-8.692420
17.690073,8.706828,-17.690073,-8.706828
17.690664,8.721237,-17.690664,-8.721237
17.691256,8.735646,-17.691256,-8.735646
17.691849,8.750056,-17.691849,-8.750056
17.692442,8.764466,-17.692442,-8.764466
17.693035,8.778876,-17.693035,-8.778876
17.693630,8.793287,-17.693630,-8.793287
17.694225,8.807698,-17.694225,-8.807698
17.694822,8.822110,-17.694822,-8.822110
17.695419,8.836522,-17.695419,-8.836522
17.696016,8.850934,-17.696016,-8.850934
17.696615,8.865347,-17.696615,-8.865347
17.697214,8.879760,-17.697214,-8.879760
17.697815,8.894174,-17.697815,-8.894174
17.698416,8.908587,-17.698416,-8.908587
17.699017,8.923001,-17.699017,-8.923001
17.699619,8.937416,-17.699619,-8.937416
17.700222,8.951831,-17.700222,-8.951831
17.700827,8.966247,-17.700827,-8.966247
17.701431,8.980662,-17.701431,-8.980662
17.702036,8.995078,-17.702036,-8.995078
17.702642,9.009495,-17.702642,-9.009495
17.703249,9.023911,-17.703249,-9.023911
17.703857,9.038329,-17.703857,-9.038329
17.704466,9.052747,-17.704466,-9.052747
17.705074,9.067164,-17.705074,-9.067164
17.705685,9.081583,-17.705685,-9.081583
17.706295,9.096002,-17.706295,-9.096002
17.706907,9.110421,-17.706907,-9.110421
17.707520,9.124841,-17.707520,-9.124841
17.708132,9.139260,-17.708132,-9.139260
17.708746,9.153681,-17.708746,-9.153681
17.709360,9.168101,-17.709360,-9.168101
17.709976,9.182523,-17.709976,-9.182523
17.710592,9.196944,-17.710592,-9.196944
17.711208,9.211366,-17.711208,-9.211366
17.711826,9.225788,-17.711826,-9.225788
17.712444,9.240211,-17.712444,-9.240211
17.713064,9.254634,-17.713064,-9.254634
17.713684,9.269057,-17.713684,-9.269057
17.714304,9.283482,-17.714304,-9.283482
17.714926,9.297906,-17.714926,-9.297906
17.715548,9.312330,-17.715548,-9.312330
17.716169,9.326756,-17.716169,-9.326756
17.716793,9.341181,-17.716793,-9.341181
17.717417,9.355607,-17.717417,-9.355607
17.718042,9.370033,-17.718042,-9.370033
17.718668,9.384459,-17.718668,-9.384459
17.719294,9.398887,-17.719294,-9.398887
17.719921,9.413314,-17.719921,-9.413314
17.720549,9.427742,-17.720549,-9.427742
17.721178,9.442170,-17.721178,-9.442170
17.721807,9.456598,-17.721807,-9.456598
17.722437,9.471027,-17.722437,-9.471027
17.723068,9.485456,-17.723068,-9.485456
17.723700,9.499887,-17.723700,-9.499887
17.724331,9.514317,-17.724331,-9.514317
17.724964,9.528747,-17.724964,-9.528747
17.725597,9.543178,-17.725597,-9.543178
17.726233,9.557609,-17.726233,-9.557609
17.726868,9.572041,-17.726868,-9.572041
17.727503,9.586473,-17.727503,-9.586473
17.728140,9.600904,-17.728140,-9.600904
17.728777,9.615337,-17.728777,-9.615337
17.729414,9.629770,-17.729414,-9.629770
17.730053,9.644204,-17.730053,-9.644204
17.730692,9.658638,-17.730692,-9.658638
17.731333,9.673073,-17.731333,-9.673073
17.731974,9.687508,-17.731974,-9.687508
17.732615,9.701942,-17.732615,-9.701942
17.733257,9.716378,-17.733257,-9.716378
17.733900,9.730814,-17.733900,-9.730814
17.734543,9.745251,-17.734543,-9.745251
17.735188,9.759687,-17.735188,-9.759687
17.735832,9.774124,-17.735832,-9.774124
17.736479,9.788562,-17.736479,-9.788562
17.737125,9.802999,-17.737125,-9.802999
17.737772,9.817438,-17.737772,-9.817438
17.738420,9.831877,-17.738420,-9.831877
17.739069,9.846315,-17.739069,-9.846315
17.739717,9.860755,-17.739717,-9.860755
17.740368,9.875195,-17.740368,-9.875195
17.741018,9.889635,-17.741018,-9.889635
17.741671,9.904076,-17.741671,-9.904076
17.742323,9.918517,-17.742323,-9.918517
17.742975,9.932959,-17.742975,-9.932959
17.743629,9.947400,-17.743629,-9.947400
17.744284,9.961843,-17.744284,-9.961843
17.744938,9.976285,-17.744938,-9.976285
17.745594,9.990728,-17.745594,-9.990728
17.746250,10.005172,-17.746250,-10.005172
17.746908,10.019615,-17.746908,-10.019615
17.747566,10.034060,-17.747566,-10.034060
17.748224,10.048504,-17.748224,-10.048504
17.748884,10.062949,-17.748884,-10.062949
17.749544,10.077394,-17.749544,-10.077394
17.750204,10.091841,-17.750204,-10.091841
17.750866,10.106287,-17.750866,-10.106287
17.751528,10.120733,-17.751528,-10.120733
17.752190,10.135180,-17.752190,-10.135180
17.752853,10.149628,-17.752853,-10.149628
17.753517,10.164076,-17.753517,-10.164076
17.754183,10.178524,-17.754183,-10.178524
17.754848,10.192972,-17.754848,-10.192972
17.755514,10.207421,-17.755514,-10.207421
17.756182,10.221870,-17.756182,-10.221870
17.756849,10.236320,-17.756849,-10.236320
17.757517,10.250771,-17.757517,-10.250771
17.758186,10.265221,-17.758186,-10.265221
17.758856,10.279672,-17.758856,-10.279672
17.759525,10.294123,-17.759525,-10.294123
17.760197,10.308575,-17.760197,-10.308575
17.760868,10.323027,-17.760868,-10.323027
17.761539,10.337480,-17.761539,-10.337480
17.762213,10.351933,-17.762213,-10.351933
17.762886,10.366385,-17.762886,-10.366385
17.763561,10.380839,-17.763561,-10.380839
17.764236,10.395293,-17.764236,-10.395293
17.764912,10.409748,-17.764912,-10.409748
17.765589,10.424203,-17.765589,-10.424203
17.766266,10.438658,-17.766266,-10.438658
17.766943,10.453114,-17.766943,-10.453114
17.767622,10.467569,-17.767622,-10.467569
17.768301,10.482026,-17.768301,-10.482026
17.768980,10.496483,-17.768980,-10.496483
17.769661,10.510941,-17.769661,-10.510941
17.770342,10.525398,-17.770342,-10.525398
17.771023,10.539856,-17.771023,-10.539856
17.771706,10.554315,-17.771706,-10.554315
17.772388,10.568773,-17.772388,-10.568773
17.773073,10.583233,-17.773073,-10.583233
17.773758,10.597692,-17.773758,-10.597692
17.774443,10.612153,-17.774443,-10.612153
17.775129,10.626614,-17.775129,-10.626614
17.775816,10.641074,-17.775816,-10.641074
17.776503,10.655536,-17.776503,-10.655536
17.777191,10.669997,-17.777191,-10.669997
17.777880,10.684460,-17.777880,-10.684460
17.778568,10.698922,-17.778568,-10.698922
17.779259,10.713385,-17.779259,-10.713385
17.779949,10.727848,-17.779949,-10.727848
17.780640,10.742311,-17.780640,-10.742311
17.781332,10.756776,-17.781332,-10.756776
17.782024,10.771240,-17.782024,-10.771240
17.782717,10.785706,-17.782717,-10.785706
17.783411,10.800171,-17.783411,-10.800171
17.784105,10.814636,-17.784105,-10.814636
17.784800,10.829103,-17.784800,-10.829103
17.785496,10.843569,-17.785496,-10.843569
17.786192,10.858036,-17.786192,-10.858036
17.786888,10.872503,-17.786888,-10.872503
17.787586,10.886971,-17.787586,-10.886971
17.788284,10.901439,-17.788284,-10.901439
17.788984,10.915907,-17.788984,-10.915907
17.789684,10.930376,-17.789684,-10.930376
17.790384,10.944845,-17.790384,-10.944845
17.791086,10.959315,-17.791086,-10.959315
17.791788,10.973785,-17.791788,-10.973785
17.792490,10.988256,-17.792490,-10.988256
17.793194,11.002727,-17.793194,-11.002727
17.793898,11.017198,-17.793898,-11.017198
17.794601,11.031670,-17.794601,-11.031670
17.795307,11.046142,-17.795307,-11.046142
17.796013,11.060615,-17.796013,-11.060615
17.796719,11.075088,-17.796719,-11.075088
17.797426,11.089561,-17.797426,-11.089561
17.798134,11.104034,-17.798134,-11.104034
17.798841,11.118508,-17.798841,-11.118508
17.799551,11.132983,-17.799551,-11.132983
17.800261,11.147458,-17.800261,-11.147458
17.800970,11.161933,-17.800970,-11.161933
17.801682,11.176409,-17.801682,-11.176409
17.802393,11.190885,-17.802393,-11.190885
17.803104,11.205361,-17.803104,-11.205361
17.803818,11.219838,-17.803818,-11.219838
17.804531,11.234316,-17.804531,-11.234316
17.805244,11.248794,-17.805244,-11.248794
17.805960,11.263271,-17.805960,-11.263271
17.806675,11.277750,-17.806675,-11.277750
17.807390,11.292229,-17.807390,-11.292229
17.808107,11.306708,-17.808107,-11.306708
17.808825,11.321188,-17.808825,-11.321188
17.809542,11.335669,-17.809542,-11.335669
17.810261,11.350149,-17.810261,-11.350149
17.810980,11.364630,-17.810980,-11.364630
17.811699,11.379111,-17.811699,-11.379111
17.812420,11.393593,-17.812420,-11.393593
17.813141,11.408075,-17.813141,-11.408075
17.813862,11.422558,-17.813862,-11.422558
17.814585,11.437040,-17.814585,-11.437040
17.815308,11.451524,-17.815308,-11.451524
17.816031,11.466007,-17.816031,-11.466007
17.816755,11.480492,-17.816755,-11.480492
17.817480,11.494976,-17.817480,-11.494976
17.818205,11.509461,-17.818205,-11.509461
17.818932,11.523947,-17.818932,-11.523947
17.819658,11.538432,-17.819658,-11.538432
17.820385,11.552918,-17.820385,-11.552918
17.821114,11.567405,-17.821114,-11.567405
17.821842,11.581892,-17.821842,-11.581892
17.822571,11.596379,-17.822571,-11.596379
17.823301,11.610868,-17.823301,-11.610868
17.824032,11.625356,-17.824032,-11.625356
17.824762,11.639844,-17.824762,-11.639844
17.825493,11.654333,-17.825493,-11.654333
17.826225,11.668822,-17.826225,-11.668822
17.826958,11.683312,-17.826958,-11.683312
17.827690,11.697803,-17.827690,-11.697803
17.828424,11.712293,-17.828424,-11.712293
17.829159,11.726784,-17.829159,-11.726784
17.829893,11.741275,-17.829893,-11.741275
17.830629,11.755767,-17.830629,-11.755767
17.831366,11.770259,-17.831366,-11.770259
17.832102,11.784752,-17.832102,-11.784752
17.832840,11.799245,-17.832840,-11.799245
17.833578,11.813738,-17.833578,-11.813738
17.834316,11.828232,-17.834316,-11.828232
17.835056,11.842726,-17.835056,-11.842726
17.835796,11.857221,-17.835796,-11.857221
17.836536,11.871716,-17.836536,-11.871716
17.837278,11.886211,-17.837278,-11.886211
17.838020,11.900707,-17.838020,-11.900707
17.838762,11.915203,-17.838762,-11.915203
17.839506,11.929700,-17.839506,-11.929700
17.840250,11.944197,-17.840250,-11.944197
17.840994,11.958694,-17.840994,-11.958694
17.841740,11.973192,-17.841740,-11.973192
17.842485,11.987691,-17.842485,-11.987691
17.843231,12.002190,-17.843231,-12.002190
17.843977,12.016688,-17.843977,-12.016688
17.844725,12.031188,-17.844725,-12.031188
17.845472,12.045688,-17.845472,-12.045688
17.846220,12.060188,-17.846220,-12.060188
17.846970,12.074689,-17.846970,-12.074689
17.847719,12.089190,-17.847719,-12.089190
17.848469,12.103691,-17.848469,-12.103691
17.849220,12.118193,-17.849220,-12.118193
17.849972,12.132695,-17.849972,-12.132695
17.850723,12.147198,-17.850723,-12.147198
17.851477,12.161701,-17.851477,-12.161701
17.852230,12.176205,-17.852230,-12.176205
17.852983,12.190708,-17.852983,-12.190708
17.853737,12.205213,-17.853737,-12.205213
17.854492,12.219717,-17.854492,-12.219717
17.855247,12.234222,-17.855247,-12.234222
17.856003,12.248728,-17.856003,-12.248728
17.856760,12.263234,-17.856760,-12.263234
17.857517,12.277740,-17.857517,-12.277740
17.858274,12.292247,-17.858274,-12.292247
17.859034,12.306754,-17.859034,-12.306754
17.859793,12.321261,-17.859793,-12.321261
17.860552,12.335770,-17.860552,-12.335770
17.861313,12.350278,-17.861313,-12.350278
17.862074,12.364787,-17.862074,-12.364787
17.862835,12.379296,-17.862835,-12.379296
17.863596,12.393806,-17.863596,-12.393806
17.864359,12.408316,-17.864359,-12.408316
17.865122,12.422826,-17.865122,-12.422826
17.865885,12.437337,-17.865885,-12.437337
17.866650,12.451848,-17.866650,-12.451848
17.867414,12.466359,-17.867414,-12.466359
17.868179,12.480871,-17.868179,-12.480871
17.868946,12.495383,-17.868946,-12.495383
17.869713,12.509896,-17.869713,-12.509896
17.870480,12.524409,-17.870480,-12.524409
17.871248,12.538923,-17.871248,-12.538923
17.872017,12.553437,-17.872017,-12.553437
17.872786,12.567951,-17.872786,-12.567951
17.873554,12.582466,-17.873554,-12.582466
17.874325,12.596981,-17.874325,-12.596981
17.875095,12.611497,-17.875095,-12.611497
17.875866,12.626013,-17.875866,-12.626013
17.876638,12.640530,-17.876638,-12.640530
17.877411,12.655046,-17.877411,-12.655046
17.878183,12.669563,-17.878183,-12.669563
17.878956,12.684081,-17.878956,-12.684081
17.879730,12.698599,-17.879730,-12.698599
17.880505,12.713118,-17.880505,-12.713118
17.881279,12.727636,-17.881279,-12.727636
17.882055,12.742155,-17.882055,-12.742155
17.882832,12.756675,-17.882832,-12.756675
17.883608,12.771194,-17.883608,-12.771194
17.884386,12.785715,-17.884386,-12.785715
17.885164,12.800236,-17.885164,-12.800236
17.885942,12.814757,-17.885942,-12.814757
17.886721,12.829279,-17.886721,-12.829279
17.887501,12.843801,-17.887501,-12.843801
17.888281,12.858323,-17.888281,-12.858323
17.889061,12.872846,-17.889061,-12.872846
17.889843,12.887369,-17.889843,-12.887369
17.890625,12.901893,-17.890625,-12.901893
17.891407,12.916417,-17.891407,-12.916417
17.892189,12.930942,-17.892189,-12.930942
17.892973,12.945466,-17.892973,-12.945466
17.893757,12.959991,-17.893757,-12.959991
17.894541,12.974517,-17.894541,-12.974517
17.895327,12.989043,-17.895327,-12.989043
17.896112,13.003570,-17.896112,-13.003570
17.896898,13.018096,-17.896898,-13.018096
17.897686,13.032623,-17.897686,-13.032623
17.898474,13.047151,-17.898474,-13.047151
17.899261,13.061679,-17.899261,-13.061679
17.900049,13.076207,-17.900049,-13.076207
17.900839,13.090736,-17.900839,-13.090736
17.901628,13.105266,-17.901628,-13.105266
17.902418,13.119795,-17.902418,-13.119795
17.903210,13.134325,-17.903210,-13.134325
17.904001,13.148855,-17.904001,-13.148855
17.904793,13.163386,-17.904793,-13.163386
17.905584,13.177917,-17.905584,-13.177917
17.906378,13.192450,-17.906378,-13.192450
17.907171,13.206982,-17.907171,-13.206982
17.907965,13.221514,-17.907965,-13.221514
17.908760,13.236047,-17.908760,-13.236047
17.909555,13.250580,-17.909555,-13.250580
17.910351,13.265114,-17.910351,-13.265114
17.911146,13.279648,-17.911146,-13.279648
17.911943,13.294182,-17.911943,-13.294182
17.912741,13.308717,-17.912741,-13.308717
17.913538,13.323252,-17.913538,-13.323252
17.914337,13.337788,-17.914337,-13.337788
17.915136,13.352324,-17.915136,-13.352324
17.915936,13.366860,-17.915936,-13.366860
17.916735,13.381397,-17.916735,-13.381397
17.917536,13.395934,-17.917536,-13.395934
17.918337,13.410472,-17.918337,-13.410472
17.919138,13.425010,-17.919138,-13.425010
17.919939,13.439548,-17.919939,-13.439548
17.920742,13.454087,-17.920742,-13.454087
17.921545,13.468626,-17.921545,-13.468626
17.922348,13.483166,-17.922348,-13.483166
17.923153,13.497705,-17.923153,-13.497705
17.923958,13.512246,-17.923958,-13.512246
17.924763,13.526787,-17.924763,-13.526787
17.925568,13.541328,-17.925568,-13.541328
17.926374,13.555870,-17.926374,-13.555870
17.927181,13.570412,-17.927181,-13.570412
17.927988,13.584954,-17.927988,-13.584954
17.928797,13.599497,-17.928797,-13.599497
17.929605,13.614040,-17.929605,-13.614040
17.930414,13.628584,-17.930414,-13.628584
17.931223,13.643127,-17.931223,-13.643127
17.932034,13.657672,-17.932034,-13.657672
17.932844,13.672216,-17.932844,-13.672216
17.933655,13.686762,-17.933655,-13.686762
17.934465,13.701307,-17.934465,-13.701307
17.935278,13.715854,-17.935278,-13.715854
17.936090,13.730400,-17.936090,-13.730400
17.936903,13.744946,-17.936903,-13.744946
17.937717,13.759494,-17.937717,-13.759494
17.938532,13.774041,-17.938532,-13.774041
17.939346,13.788589,-17.939346,-13.788589
17.940161,13.803138,-17.940161,-13.803138
17.940977,13.817686,-17.940977,-13.817686
17.941793,13.832235,-17.941793,-13.832235
17.942610,13.846785,-17.942610,-13.846785
17.943426,13.861335,-17.943426,-13.861335
17.944244,13.875885,-17.944244,-13.875885
17.945063,13.890436,-17.945063,-13.890436
17.945881,13.904987,-17.945881,-13.904987
17.946701,13.919538,-17.946701,-13.919538
17.947521,13.934091,-17.947521,-13.934091
17.948341,13.948643,-17.948341,-13.948643
17.949162,13.963196,-17.949162,-13.963196
17.949984,13.977749,-17.949984,-13.977749
17.950806,13.992302,-17.950806,-13.992302
17.951628,14.006856,-17.951628,-14.006856
17.952450,14.021410,-17.952450,-14.021410
17.953274,14.035965,-17.953274,-14.035965
17.954098,14.050520,-17.954098,-14.050520
17.954922,14.065076,-17.954922,-14.065076
17.955746,14.079632,-17.955746,-14.079632
17.956572,14.094188,-17.956572,-14.094188
17.957397,14.108745,-17.957397,-14.108745
17.958223,14.123302,-17.958223,-14.123302
17.959049,14.137859,-17.959049,-14.137859
17.959877,14.152417,-17.959877,-14.152417
17.960705,14.166975,-17.960705,-14.166975
17.961533,14.181534,-17.961533,-14.181534
17.962362,14.196093,-17.962362,-14.196093
17.963192,14.210652,-17.963192,-14.210652
17.964022,14.225212,-17.964022,-14.225212
17.964851,14.239773,-17.964851,-14.239773
17.965683,14.254333,-17.965683,-14.254333
17.966515,14.268894,-17.966515,-14.268894
17.967346,14.283456,-17.967346,-14.283456
17.968178,14.298018,-17.968178,-14.298018
17.969011,14.312580,-17.969011,-14.312580
17.969845,14.327143,-17.969845,-14.327143
17.970678,14.341705,-17.970678,-14.341705
17.971512,14.356269,-17.971512,-14.356269
17.972347,14.370832,-17.972347,-14.370832
17.973183,14.385397,-17.973183,-14.385397
17.974018,14.399961,-17.974018,-14.399961
17.974854,14.414526,-17.974854,-14.414526
17.975691,14.429091,-17.975691,-14.429091
17.976528,14.443657,-17.976528,-14.443657
17.977365,14.458223,-17.977365,-14.458223
17.978203,14.472790,-17.978203,-14.472790
17.979042,14.487357,-17.979042,-14.487357
17.979881,14.501925,-17.979881,-14.501925
17.980721,14.516492,-17.980721,-14.516492
17.981560,14.531060,-17.981560,-14.531060
17.982401,14.545629,-17.982401,-14.545629
17.983242,14.560198,-17.983242,-14.560198
17.984083,14.574767,-17.984083,-14.574767
17.984924,14.589336,-17.984924,-14.589336
17.985767,14.603907,-17.985767,-14.603907
17.986610,14.618477,-17.986610,-14.618477
17.987453,14.633048,-17.987453,-14.633048
17.988298,14.647619,-17.988298,-14.647619
17.989143,14.662190,-17.989143,-14.662190
17.989988,14.676763,-17.989988,-14.676763
17.990833,14.691335,-17.990833,-14.691335
17.991680,14.705908,-17.991680,-14.705908
17.992527,14.720481,-17.992527,-14.720481
17.993374,14.735055,-17.993374,-14.735055
17.994221,14.749629,-17.994221,-14.749629
17.995070,14.764203,-17.995070,-14.764203
17.995918,14.778778,-17.995918,-14.778778
17.996767,14.793353,-17.996767,-14.793353
17.997616,14.807929,-17.997616,-14.807929
17.998466,14.822505,-17.998466,-14.822505
17.999317,14.837081,-17.999317,-14.837081
18.000168,14.851658,-18.000168,-14.851658
18.001019,14.866235,-18.001019,-14.866235
18.001871,14.880813,-18.001871,-14.880813
18.002724,14.895391,-18.002724,-14.895391
18.003576,14.909968,-18.003576,-14.909968
18.004429,14.924547,-18.004429,-14.924547
18.005281,14.939126,-18.005281,-14.939126
18.006136,14.953706,-18.006136,-14.953706
18.006990,14.968286,-18.006990,-14.968286
18.007845,14.982865,-18.007845,-14.982865
18.008699,14.997446,-18.008699,-14.997446
18.009556,15.012027,-18.009556,-15.012027
18.010412,15.026608,-18.010412,-15.026608
18.011269,15.041190,-18.011269,-15.041190
18.012125,15.055773,-18.012125,-15.055773
18.012983,15.070355,-18.012983,-15.070355
18.013842,15.084938,-18.013842,-15.084938
18.014700,15.099522,-18.014700,-15.099522
18.015558,15.114105,-18.015558,-15.114105
18.016418,15.128690,-18.016418,-15.128690
18.017279,15.143274,-18.017279,-15.143274
18.018139,15.157859,-18.018139,-15.157859
18.018999,15.172444,-18.018999,-15.172444
18.019861,15.187030,-18.019861,-15.187030
18.020723,15.201616,-18.020723,-15.201616
18.021585,15.216203,-18.021585,-15.216203
18.022448,15.230789,-18.022448,-15.230789
18.023312,15.245377,-18.023312,-15.245377
18.024176,15.259964,-18.024176,-15.259964
18.025040,15.274552,-18.025040,-15.274552
18.025904,15.289141,-18.025904,-15.289141
18.026770,15.303729,-18.026770,-15.303729
18.027636,15.318318,-18.027636,-15.318318
18.028502,15.332908,-18.028502,-15.332908
18.029367,15.347498,-18.029367,-15.347498
18.030235,15.362088,-18.030235,-15.362088
18.031103,15.376678,-18.031103,-15.376678
18.031971,15.391270,-18.031971,-15.391270
18.032839,15.405861,-18.032839,-15.405861
18.033707,15.420453,-18.033707,-15.420453
18.034576,15.435045,-18.034576,-15.435045
18.035446,15.449637,-18.035446,-15.449637
18.036316,15.464231,-18.036316,-15.464231
18.037186,15.478824,-18.037186,-15.478824
18.038057,15.493418,-18.038057,-15.493418
18.038929,15.508012,-18.038929,-15.508012
18.039801,15.522606,-18.039801,-15.522606
18.040672,15.537201,-18.040672,-15.537201
18.041546,15.551796,-18.041546,-15.551796
18.042419,15.566392,-18.042419,-15.566392
18.043293,15.580988,-18.043293,-15.580988
18.044167,15.595584,-18.044167,-15.595584
18.045042,15.610181,-18.045042,-15.610181
18.045918,15.624778,-18.045918,-15.624778
18.046793,15.639376,-18.046793,-15.639376
18.047668,15.653974,-18.047668,-15.653974
18.048544,15.668572,-18.048544,-15.668572
18.049421,15.683171,-18.049421,-15.683171
18.050299,15.697770,-18.050299,-15.697770
18.051176,15.712370,-18.051176,-15.712370
18.052053,15.726970,-18.052053,-15.726970
18.052933,15.741570,-18.052933,-15.741570
18.053812,15.756171,-18.053812,-15.756171
18.054691,15.770772,-18.054691,-15.770772
18.055571,15.785374,-18.055571,-15.785374
18.056450,15.799975,-18.056450,-15.799975
18.057331,15.814578,-18.057331,-15.814578
18.058212,15.829181,-18.058212,-15.829181
18.059093,15.843783,-18.059093,-15.843783
18.059975,15.858387,-18.059975,-15.858387
18.060858,15.872991,-18.060858,-15.872991
18.061741,15.887595,-18.061741,-15.887595
18.062624,15.902200,-18.062624,-15.902200
18.063507,15.916804,-18.063507,-15.916804
18.064392,15.931410,-18.064392,-15.931410
18.065277,15.946015,-18.065277,-15.946015
18.066162,15.960622,-18.066162,-15.960622
18.067047,15.975228,-18.067047,-15.975228
18.067932,15.989835,-18.067932,-15.989835
18.068819,16.004442,-18.068819,-16.004442
18.069706,16.019051,-18.069706,-16.019051
18.070593,16.033659,-18.070593,-16.033659
18.071480,16.048267,-18.071480,-16.048267
18.072369,16.062876,-18.072369,-16.062876
18.073257,16.077484,-18.073257,-16.077484
18.074146,16.092094,-18.074146,-16.092094
18.075035,16.106705,-18.075035,-16.106705
18.075924,16.121315,-18.075924,-16.121315
18.076815,16.135925,-18.076815,-16.135925
18.077705,16.150536,-18.077705,-16.150536
18.078596,16.165148,-18.078596,-16.165148
18.079487,16.179760,-18.079487,-16.179760
18.080379,16.194372,-18.080379,-16.194372
18.081272,16.208984,-18.081272,-16.208984
18.082165,16.223597,-18.082165,-16.223597
18.083057,16.238211,-18.083057,-16.238211
18.083950,16.252825,-18.083950,-16.252825
18.084845,16.267439,-18.084845,-16.267439
18.085739,16.282053,-18.085739,-16.282053
18.086634,16.296667,-18.086634,-16.296667
18.087528,16.311283,-18.087528,-16.311283
18.088425,16.325899,-18.088425,-16.325899
18.089321,16.340515,-18.089321,-16.340515
18.090218,16.355131,-18.090218,-16.355131
18.091114,16.369747,-18.091114,-16.369747
18.092010,16.384365,-18.092010,-16.384365
18.092909,16.398983,-18.092909,-16.398983
18.093807,16.413601,-18.093807,-16.413601
18.094706,16.428219,-18.094706,-16.428219
18.095604,16.442837,-18.095604,-16.442837
18.096504,16.457455,-18.096504,-16.457455
18.097404,16.472075,-18.097404,-16.472075
18.098305,16.486694,-18.098305,-16.486694
18.099205,16.501314,-18.099205,-16.501314
18.100105,16.515934,-18.100105,-16.515934
18.101007,16.530554,-18.101007,-16.530554
18.101910,16.545176,-18.101910,-16.545176
18.102812,16.559797,-18.102812,-16.559797
18.103714,16.574419,-18.103714,-16.574419
18.104616,16.589041,-18.104616,-16.589041
18.105520,16.603662,-18.105520,-16.603662
18.106424,16.618286,-18.106424,-16.618286
18.107328,16.632910,-18.107328,-16.632910
18.108232,16.647533,-18.108232,-16.647533
18.109138,16.662157,-18.109138,-16.662157
18.110044,16.676781,-18.110044,-16.676781
18.110950,16.691406,-18.110950,-16.691406
18.111856,16.706032,-18.111856,-16.706032
18.112762,16.720657,-18.112762,-16.720657
18.113670,16.735283,-18.113670,-16.735283
18.114578,16.749908,-18.114578,-16.749908
18.115486,16.764536,-18.115486,-16.764536
18.116394,16.779163,-18.116394,-16.779163
18.117302,16.793791,-18.117302,-16.793791
18.118212,16.808418,-18.118212,-16.808418
18.119122,16.823046,-18.119122,-16.823046
18.120031,16.837675,-18.120031,-16.837675
18.120941,16.852304,-18.120941,-16.852304
18.121851,16.866934,-18.121851,-16.866934
18.122763,16.881563,-18.122763,-16.881563
18.123674,16.896193,-18.123674,-16.896193
18.124586,16.910824,-18.124586,-16.910824
18.125498,16.925455,-18.125498,-16.925455
18.126411,16.940086,-18.126411,-16.940086
18.127325,16.954718,-18.127325,-16.954718
18.128239,16.969349,-18.128239,-16.969349
18.129152,16.983982,-18.129152,-16.983982
18.130066,16.998615,-18.130066,-16.998615
18.130981,17.013248,-18.130981,-17.013248
18.131897,17.027882,-18.131897,-17.027882
18.132812,17.042515,-18.132812,-17.042515
18.133728,17.057148,-18.133728,-17.057148
18.134644,17.071783,-18.134644,-17.071783
18.135561,17.086418,-18.135561,-17.086418
18.136478,17.101053,-18.136478,-17.101053
18.137396,17.115688,-18.137396,-17.115688
18.138313,17.130323,-18.138313,-17.130323
18.139231,17.144960,-18.139231,-17.144960
18.140150,17.159597,-18.140150,-17.159597
18.141069,17.174234,-18.141069,-17.174234
18.141989,17.188871,-18.141989,-17.188871
18.142908,17.203508,-18.142908,-17.203508
18.143827,17.218147,-18.143827,-17.218147
18.144749,17.232786,-18.144749,-17.232786
18.145670,17.247425,-18.145670,-17.247425
18.146591,17.262064,-18.146591,-17.262064
18.147512,17.276703,-18.147512,-17.276703
18.148434,17.291344,-18.148434,-17.291344
18.149357,17.305984,-18.149357,-17.305984
18.150280,17.320625,-18.150280,-17.320625
18.151203,17.335266,-18.151203,-17.335266
18.152126,17.349907,-18.152126,-17.349907
18.153049,17.364550,-18.153049,-17.364550
18.153975,17.379192,-18.153975,-17.379192
18.154900,17.393835,-18.154900,-17.393835
18.155825,17.408478,-18.155825,-17.408478
18.156750,17.423120,-18.156750,-17.423120
18.157675,17.437763,-18.157675,-17.437763
18.158602,17.452408,-18.158602,-17.452408
18.159529,17.467052,-18.159529,-17.467052
18.160456,17.481697,-18.160456,-17.481697
18.161383,17.496342,-18.161383,-17.496342
18.162310,17.510986,-18.162310,-17.510986
18.163239,17.525633,-18.163239,-17.525633
18.164167,17.540279,-18.164167,-17.540279
18.165096,17.554926,-18.165096,-17.554926
18.166025,17.569572,-18.166025,-17.569572
18.166954,17.584219,-18.166954,-17.584219
18.167885,17.598867,-18.167885,-17.598867
18.168816,17.613516,-18.168816,-17.613516
18.169746,17.628164,-18.169746,-17.628164
18.170677,17.642813,-18.170677,-17.642813
18.171608,17.657461,-18.171608,-17.657461
18.172541,17.672112,-18.172541,-17.672112
18.173473,17.686762,-18.173473,-17.686762
18.174406,17.701412,-18.174406,-17.701412
18.175339,17.716063,-18.175339,-17.716063
18.176271,17.730713,-18.176271,-17.730713
18.177206,17.745363,-18.177206,-17.745363
18.178141,17.760015,-18.178141,-17.760015
18.179075,17.774668,-18.179075,-17.774668
18.180010,17.789320,-18.180010,-17.789320
18.180944,17.803972,-18.180944,-17.803972
18.181881,17.818624,-18.181881,-17.818624
18.182817,17.833279,-18.182817,-17.833279
18.183754,17.847933,-18.183754,-17.847933
18.184690,17.862587,-18.184690,-17.862587
18.185627,17.877241,-18.185627,-17.877241
18.186563,17.891895,-18.186563,-17.891895
18.187502,17.906551,-18.187502,-17.906551
18.188440,17.921207,-18.188440,-17.921207
18.189379,17.935863,-18.189379,-17.935863
18.190317,17.950520,-18.190317,-17.950520
18.191256,17.965176,-18.191256,-17.965176
18.192196,17.979834,-18.192196,-17.979834
18.193136,17.994492,-18.193136,-17.994492
18.194077,18.009150,-18.194077,-18.009150
18.195017,18.023808,-18.195017,-18.023808
18.195957,18.038465,-18.195957,-18.038465
18.196899,18.053123,-18.196899,-18.053123
18.197842,18.067783,-18.197842,-18.067783
18.198784,18.082443,-18.198784,-18.082443
18.199726,18.097103,-18.199726,-18.097103
18.200668,18.111763,-18.200668,-18.111763
18.201612,18.126423,-18.201612,-18.126423
18.202557,18.141085,-18.202557,-18.141085
18.203501,18.155746,-18.203501,-18.155746
18.204445,18.170408,-18.204445,-18.170408
18.205389,18.185070,-18.205389,-18.185070
18.206333,18.199732,-18.206333,-18.199732
18.207279,18.214396,-18.207279,-18.214396
18.208225,18.229059,-18.208225,-18.229059
18.209171,18.243723,-18.209171,-18.243723
18.210117,18.258387,-18.210117,-18.258387
18.211063,18.273050,-18.211063,-18.273050
18.212011,18.287714,-18.212011,-18.287714
18.212959,18.302380,-18.212959,-18.302380
18.213907,18.317045,-18.213907,-18.317045
18.214855,18.331711,-18.214855,-18.331711
18.215803,18.346376,-18.215803,-18.346376
18.216753,18.361042,-18.216753,-18.361042
18.217703,18.375710,-18.217703,-18.375710
18.218653,18.390377,-18.218653,-18.390377
18.219603,18.405045,-18.219603,-18.405045
18.220552,18.419712,-18.220552,-18.419712
18.221502,18.434380,-18.221502,-18.434380
18.222454,18.449047,-18.222454,-18.449047
18.223406,18.463717,-18.223406,-18.463717
18.224358,18.478386,-18.224358,-18.478386
18.225309,18.493055,-18.225309,-18.493055
18.226261,18.507725,-18.226261,-18.507725
18.227215,18.522394,-18.227215,-18.522394
18.228168,18.537066,-18.228168,-18.537066
18.229122,18.551737,-18.229122,-18.551737
18.230076,18.566408,-18.230076,-18.566408
18.231030,18.581079,-18.231030,-18.581079
18.231983,18.595751,-18.231983,-18.595751
18.232939,18.610424,-18.232939,-18.610424
18.233894,18.625097,-18.233894,-18.625097
18.234850,18.639771,-18.234850,-18.639771
18.235806,18.654444,-18.235806,-18.654444
18.236761,18.669117,-18.236761,-18.669117
18.237719,18.683790,-18.237719,-18.683790
18.238676,18.698465,-18.238676,-18.698465
18.239634,18.713140,-18.239634,-18.713140
18.240591,18.727816,-18.240591,-18.727816
18.241549,18.742491,-18.241549,-18.742491
18.242506,18.757166,-18.242506,-18.757166
18.243465,18.771843,-18.243465,-18.771843
18.244425,18.786520,-18.244425,-18.786520
18.245384,18.801197,-18.245384,-18.801197
18.246344,18.815874,-18.246344,-18.815874
18.247303,18.830551,-18.247303,-18.830551
18.248262,18.845228,-18.248262,-18.845228
18.249224,18.859907,-18.249224,-18.859907
18.250185,18.874586,-18.250185,-18.874586
18.251146,18.889265,-18.251146,-18.889265
18.252108,18.903944,-18.252108,-18.903944
18.253069,18.918623,-18.253069,-18.918623
18.254032,18.933304,-18.254032,-18.933304
18.254995,18.947985,-18.254995,-18.947985
18.255959,18.962666,-18.255959,-18.962666
18.256922,18.977346,-18.256922,-18.977346
18.257885,18.992027,-18.257885,-18.992027
18.258848,19.006708,-18.258848,-19.006708
18.259813,19.021391,-18.259813,-19.021391
18.260778,19.036074,-18.260778,-19.036074
18.261744,19.050756,-18.261744,-19.050756
18.262709,19.065439,-18.262709,-19.065439
18.263674,19.080122,-18.263674,-19.080122
18.264639,19.094807,-18.264639,-19.094807
18.265606,19.109491,-18.265606,-19.109491
18.266573,19.124176,-18.266573,-19.124176
18.267540,19.138861,-18.267540,-19.138861
18.268507,19.153545,-18.268507,-19.153545
18.269474,19.168230,-18.269474,-19.168230
18.270441,19.182917,-18.270441,-19.182917
18.271410,19.197603,-18.271410,-19.197603
18.272379,19.212290,-18.272379,-19.212290
18.273348,19.226976,-18.273348,-19.226976
18.274317,19.241663,-18.274317,-19.241663
18.275286,19.256351,-18.275286,-19.256351
18.276257,19.271040,-18.276257,-19.271040
18.277227,19.285728,-18.277227,-19.285728
18.278198,19.300417,-18.278198,-19.300417
18.279169,19.315105,-18.279169,-19.315105
18.280140,19.329794,-18.280140,-19.329794
18.281111,19.344484,-18.281111,-19.344484
18.282084,19.359175,-18.282084,-19.359175
18.283056,19.373865,-18.283056,-19.373865
18.284029,19.388556,-18.284029,-19.388556
18.285002,19.403246,-18.285002,-19.403246
18.285975,19.417938,-18.285975,-19.417938
18.286947,19.432631,-18.286947,-19.432631
18.287922,19.447323,-18.287922,-19.447323
18.288897,19.462015,-18.288897,-19.462015
18.289871,19.476707,-18.289871,-19.476707
18.290846,19.491400,-18.290846,-19.491400
18.291821,19.506094,-18.291821,-19.506094
18.292795,19.520788,-18.292795,-19.520788
18.293772,19.535482,-18.293772,-19.535482
18.294748,19.550177,-18.294748,-19.550177
18.295725,19.564871,-18.295725,-19.564871
18.296701,19.579565,-18.296701,-19.579565
18.297678,19.594261,-18.297678,-19.594261
18.298655,19.608957,-18.298655,-19.608957
18.299633,19.623653,-18.299633,-19.623653
18.300611,19.638350,-18.300611,-19.638350
18.301590,19.653046,-18.301590,-19.653046
18.302568,19.667744,-18.302568,-19.667744
18.303547,19.682442,-18.303547,-19.682442
18.304525,19.697140,-18.304525,-19.697140
18.305506,19.711838,-18.305506,-19.711838
18.306486,19.726536,-18.306486,-19.726536
18.307467,19.741234,-18.307467,-19.741234
18.308447,19.755934,-18.308447,-19.755934
18.309427,19.770634,-18.309427,-19.770634
18.310408,19.785334,-18.310408,-19.785334
18.311390,19.800034,-18.311390,-19.800034
18.312372,19.814734,-18.312372,-19.814734
18.313354,19.829433,-18.313354,-19.829433
18.314337,19.844135,-18.314337,-19.844135
18.315319,19.858837,-18.315319,-19.858837
18.316301,19.873539,-18.316301,-19.873539
18.317286,19.888241,-18.317286,-19.888241
18.318270,19.902943,-18.318270,-19.902943
18.319254,19.917646,-18.319254,-19.917646
18.320238,19.932350,-18.320238,-19.932350
18.321222,19.947054,-18.321222,-19.947054
18.322206,19.961758,-18.322206,-19.961758
18.323191,19.976461,-18.323191,-19.976461
18.324177,19.991165,-18.324177,-19.991165
18.325163,20.005871,-18.325163,-20.005871
18.326149,20.020576,-18.326149,-20.020576
18.327135,20.035282,-18.327135,-20.035282
18.328121,20.049988,-18.328121,-20.049988
18.329107,20.064693,-18.329107,-20.064693
18.330095,20.079399,-18.330095,-20.079399
18.331083,20.094107,-18.331083,-20.094107
18.332071,20.108814,-18.332071,-20.108814
18.333059,20.123522,-18.333059,-20.123522
18.334047,20.138229,-18.334047,-20.138229
18.335035,20.152937,-18.335035,-20.152937
18.336025,20.167646,-18.336025,-20.167646
18.337015,20.182356,-18.337015,-20.182356
18.338005,20.197065,-18.338005,-20.197065
18.338995,20.211775,-18.338995,-20.211775
18.339985,20.226484,-18.339985,-20.226484
18.340975,20.241194,-18.340975,-20.241194
18.341965,20.255905,-18.341965,-20.255905
18.342957,20.270617,-18.342957,-20.270617
18.343948,20.285328,-18.343948,-20.285328
18.344940,20.300039,-18.344940,-20.300039
18.345932,20.314751,-18.345932,-20.314751
18.346924,20.329462,-18.346924,-20.329462
18.347916,20.344175,-18.347916,-20.344175
18.348909,20.358889,-18.348909,-20.358889
18.349903,20.373602,-18.349903,-20.373602
18.350897,20.388315,-18.350897,-20.388315
18.351891,20.403028,-18.351891,-20.403028
18.352884,20.417742,-18.352884,-20.417742
18.353878,20.432457,-18.353878,-20.432457
18.354874,20.447172,-18.354874,-20.447172
18.355869,20.461887,-18.355869,-20.461887
18.356865,20.476603,-18.356865,-20.476603
18.357861,20.491318,-18.357861,-20.491318
18.358856,20.506033,-18.358856,-20.506033
18.359852,20.520750,-18.359852,-20.520750
18.360847,20.535467,-18.360847,-20.535467
18.361845,20.550184,-18.361845,-20.550184
18.362843,20.564901,-18.362843,-20.564901
18.363840,20.579618,-18.363840,-20.579618
18.364838,20.594337,-18.364838,-20.594337
18.365835,20.609056,-18.365835,-20.609056
18.366833,20.623775,-18.366833,-20.623775
18.367832,20.638494,-18.367832,-20.638494
18.368832,20.653214,-18.368832,-20.653214
18.369831,20.667933,-18.369831,-20.667933
18.370831,20.682653,-18.370831,-20.682653
18.371830,20.697374,-18.371830,-20.697374
18.372829,20.712095,-18.372829,-20.712095
18.373829,20.726816,-18.373829,-20.726816
18.374830,20.741537,-18.374830,-20.741537
18.375832,20.756258,-18.375832,-20.756258
18.376833,20.770981,-18.376833,-20.770981
18.377834,20.785704,-18.377834,-20.785704
18.378836,20.800426,-18.378836,-20.800426
18.379837,20.815149,-18.379837,-20.815149
18.380838,20.829872,-18.380838,-20.829872
18.381842,20.844595,-18.381842,-20.844595
18.382845,20.859320,-18.382845,-20.859320
18.383848,20.874044,-18.383848,-20.874044
18.384851,20.888769,-18.384851,-20.888769
18.385855,20.903494,-18.385855,-20.903494
18.386858,20.918219,-18.386858,-20.918219
18.387863,20.932943,-18.387863,-20.932943
18.388868,20.947670,-18.388868,-20.947670
18.389874,20.962397,-18.389874,-20.962397
18.390879,20.977123,-18.390879,-20.977123
18.391884,20.991850,-18.391884,-20.991850
18.392889,21.006577,-18.392889,-21.006577
18.393894,21.021303,-18.393894,-21.021303
18.394901,21.036032,-18.394901,-21.036032
18.395908,21.050760,-18.395908,-21.050760
18.396915,21.065489,-18.396915,-21.065489
18.397923,21.080217,-18.397923,-21.080217
18.398930,21.094946,-18.398930,-21.094946
18.399937,21.109674,-18.399937,-21.109674
18.400944,21.124405,-18.400944,-21.124405
18.401953,21.139135,-18.401953,-21.139135
18.402962,21.153866,-18.402962,-21.153866
18.403971,21.168596,-18.403971,-21.168596
18.404980,21.183327,-18.404980,-21.183327
18.405989,21.198057,-18.405989,-21.198057
18.406998,21.212790,-18.406998,-21.212790
18.408007,21.227522,-18.408007,-21.227522
18.409018,21.242254,-18.409018,-21.242254
18.410028,21.256987,-18.410028,-21.256987
18.411039,21.271719,-18.411039,-21.271719
18.412050,21.286451,-18.412050,-21.286451
18.413061,21.301186,-18.413061,-21.301186
18.414072,21.315920,-18.414072,-21.315920
18.415083,21.330654,-18.415083,-21.330654
18.416096,21.345388,-18.416096,-21.345388
18.417109,21.360123,-18.417109,-21.360123
18.418121,21.374857,-18.418121,-21.374857
18.419134,21.389593,-18.419134,-21.389593
18.420147,21.404329,-18.420147,-21.404329
18.421160,21.419065,-18.421160,-21.419065
18.422173,21.433802,-18.422173,-21.433802
18.423187,21.448538,-18.423187,-21.448538
18.424202,21.463274,-18.424202,-21.463274
18.425217,21.478012,-18.425217,-21.478012
18.426231,21.492750,-18.426231,-21.492750
18.427246,21.507488,-18.427246,-21.507488
18.428261,21.522226,-18.428261,-21.522226
18.429276,21.536964,-18.429276,-21.536964
18.430292,21.551702,-18.430292,-21.551702
18.431309,21.566442,-18.431309,-21.566442
18.432325,21.581182,-18.432325,-21.581182
18.433342,21.595922,-18.433342,-21.595922
18.434359,21.610662,-18.434359,-21.610662
18.435375,21.625402,-18.435375,-21.625402
18.436392,21.640142,-18.436392,-21.640142
18.437410,21.654884,-18.437410,-21.654884
18.438429,21.669626,-18.438429,-21.669626
18.439447,21.684368,-18.439447,-21.684368
18.440466,21.699110,-18.440466,-21.699110
18.441484,21.713852,-18.441484,-21.713852
18.442503,21.728594,-18.442503,-21.728594
18.443521,21.743338,-18.443521,-21.743338
18.444542,21.758081,-18.444542,-21.758081
18.445562,21.772825,-18.445562,-21.772825
18.446583,21.787569,-18.446583,-21.787569
18.447603,21.802313,-18.447603,-21.802313
18.448624,21.817057,-18.448624,-21.817057
18.449644,21.831802,-18.449644,-21.831802
18.450665,21.846548,-18.450665,-21.846548
18.451687,21.861294,-18.451687,-21.861294
18.452709,21.876040,-18.452709,-21.876040
18.453732,21.890785,-18.453732,-21.890785
18.454754,21.905531,-18.454754,-21.905531
18.455776,21.920279,-18.455776,-21.920279
18.456799,21.935026,-18.456799,-21.935026
18.457821,21.949774,-18.457821,-21.949774
18.458845,21.964521,-18.458845,-21.964521
18.459869,21.979269,-18.459869,-21.979269
18.460894,21.994017,-18.460894,-21.994017
18.461918,22.008766,-18.461918,-22.008766
18.462942,22.023516,-18.462942,-22.023516
18.463966,22.038265,-18.463966,-22.038265
18.464991,22.053015,-18.464991,-22.053015
18.466015,22.067764,-18.466015,-22.067764
18.467041,22.082514,-18.467041,-22.082514
18.468067,22.097265,-18.468067,-22.097265
18.469093,22.112017,-18.469093,-22.112017
18.470119,22.126768,-18.470119,-22.126768
18.471146,22.141520,-18.471146,-22.141520
18.472172,22.156271,-18.472172,-22.156271
18.473198,22.171022,-18.473198,-22.171022
18.474226,22.185776,-18.474226,-22.185776
18.475254,22.200529,-18.475254,-22.200529
18.476282,22.215282,-18.476282,-22.215282
18.477310,22.230036,-18.477310,-22.230036
18.478338,22.244789,-18.478338,-22.244789
18.479366,22.259542,-18.479366,-22.259542
18.480394,22.274296,-18.480394,-22.274296
18.481424,22.289051,-18.481424,-22.289051
18.482454,22.303806,-18.482454,-22.303806
18.483484,22.318562,-18.483484,-22.318562
18.484514,22.333317,-18.484514,-22.333317
18.485544,22.348072,-18.485544,-22.348072
18.486574,22.362827,-18.486574,-22.362827
18.487604,22.377584,-18.487604,-22.377584
18.488634,22.392342,-18.488634,-22.392342
18.489666,22.407099,-18.489666,-22.407099
18.490698,22.421856,-18.490698,-22.421856
18.491730,22.436613,-18.491730,-22.436613
18.492762,22.451370,-18.492762,-22.451370
18.493793,22.466129,-18.493793,-22.466129
18.494825,22.480888,-18.494825,-22.480888
18.495857,22.495647,-18.495857,-22.495647
18.496889,22.510406,-18.496889,-22.510406
18.497923,22.525166,-18.497923,-22.525166
18.498957,22.539925,-18.498957,-22.539925
18.499990,22.554686,-18.499990,-22.554686
18.501024,22.569447,-18.501024,-22.569447
18.502058,22.584208,-18.502058,-22.584208
18.503092,22.598969,-18.503092,-22.598969
18.504126,22.613729,-18.504126,-22.613729
18.505161,22.628490,-18.505161,-22.628490
18.506197,22.643251,-18.506197,-22.643251
18.507233,22.658014,-18.507233,-22.658014
18.508268,22.672777,-18.508268,-22.672777
18.509304,22.687540,-18.509304,-22.687540
18.510340,22.702303,-18.510340,-22.702303
18.511375,22.717066,-18.511375,-22.717066
18.512411,22.731829,-18.512411,-22.731829
18.513449,22.746593,-18.513449,-22.746593
18.514486,22.761358,-18.514486,-22.761358
18.515524,22.776123,-18.515524,-22.776123
18.516562,22.790888,-18.516562,-22.790888
18.517599,22.805653,-18.517599,-22.805653
18.518637,22.820417,-18.518637,-22.820417
18.519674,22.835184,-18.519674,-22.835184
18.520712,22.849951,-18.520712,-22.849951
18.521751,22.864717,-18.521751,-22.864717
18.522791,22.879484,-18.522791,-22.879484
18.523830,22.894251,-18.523830,-22.894251
18.524870,22.909018,-18.524870,-22.909018
18.525909,22.923784,-18.525909,-22.923784
18.526949,22.938553,-18.526949,-22.938553
18.527988,22.953321,-18.527988,-22.953321
18.529028,22.968090,-18.529028,-22.968090
18.530069,22.982859,-18.530069,-22.982859
18.531111,22.997627,-18.531111,-22.997627
18.532152,23.012396,-18.532152,-23.012396
18.533194,23.027166,-18.533194,-23.027166
18.534235,23.041937,-18.534235,-23.041937
18.535276,23.056707,-18.535276,-23.056707
18.536318,23.071478,-18.536318,-23.071478
18.537359,23.086248,-18.537359,-23.086248
18.538403,23.101019,-18.538403,-23.101019
18.539446,23.115789,-18.539446,-23.115789
18.540489,23.130562,-18.540489,-23.130562
18.541533,23.145334,-18.541533,-23.145334
18.542576,23.160107,-18.542576,-23.160107
18.543619,23.174879,-18.543619,-23.174879
18.544662,23.189651,-18.544662,-23.189651
18.545706,23.204424,-18.545706,-23.204424
18.546751,23.219198,-18.546751,-23.219198
18.547796,23.233973,-18.547796,-23.233973
18.548841,23.248747,-18.548841,-23.248747
18.549887,23.263521,-18.549887,-23.263521
18.550932,23.278296,-18.550932,-23.278296
18.551977,23.293070,-18.551977,-23.293070
18.553022,23.307844,-18.553022,-23.307844
18.554068,23.322620,-18.554068,-23.322620
18.555115,23.337397,-18.555115,-23.337397
18.556162,23.352173,-18.556162,-23.352173
18.557209,23.366949,-18.557209,-23.366949
18.558256,23.381725,-18.558256,-23.381725
18.559303,23.396502,-18.559303,-23.396502
18.560350,23.411280,-18.560350,-23.411280
18.561398,23.426058,-18.561398,-23.426058
18.562445,23.440836,-18.562445,-23.440836
18.563494,23.455614,-18.563494,-23.455614
18.564543,23.470392,-18.564543,-23.470392
18.565592,23.485170,-18.565592,-23.485170
18.566641,23.499949,-18.566641,-23.499949
18.567690,23.514729,-18.567690,-23.514729
18.568739,23.529509,-18.568739,-23.529509
18.569788,23.544289,-18.569788,-23.544289
18.570837,23.559069,-18.570837,-23.559069
18.571888,23.573849,-18.571888,-23.573849
18.572939,23.588629,-18.572939,-23.588629
18.573990,23.603411,-18.573990,-23.603411
18.575041,23.618193,-18.575041,-23.618193
18.576092,23.632975,-18.576092,-23.632975
18.577143,23.647757,-18.577143,-23.647757
18.578194,23.662539,-18.578194,-23.662539
18.579245,23.677320,-18.579245,-23.677320
18.580296,23.692102,-18.580296,-23.692102
18.581348,23.706886,-18.581348,-23.706886
18.582401,23.721670,-18.582401,-23.721670
18.583454,23.736454,-18.583454,-23.736454
18.584507,23.751238,-18.584507,-23.751238
18.585560,23.766022,-18.585560,-23.766022
18.586613,23.780806,-18.586613,-23.780806
18.587666,23.795591,-18.587666,-23.795591
18.588718,23.810377,-18.588718,-23.810377
18.589773,23.825163,-18.589773,-23.825163
18.590828,23.839949,-18.590828,-23.839949
18.591883,23.854734,-18.591883,-23.854734
18.592937,23.869520,-18.592937,-23.869520
18.593992,23.884306,-18.593992,-23.884306
18.595047,23.899094,-18.595047,-23.899094
18.596102,23.913881,-18.596102,-23.913881
18.597157,23.928669,-18.597157,-23.928669
18.598211,23.943457,-18.598211,-23.943457
18.599268,23.958244,-18.599268,-23.958244
18.600325,23.973032,-18.600325,-23.973032
18.601381,23.987820,-18.601381,-23.987820
18.602438,24.002609,-18.602438,-24.002609
18.603495,24.017399,-18.603495,-24.017399
18.604551,24.032188,-18.604551,-24.032188
18.605608,24.046978,-18.605608,-24.046978
18.606665,24.061768,-18.606665,-24.061768
18.607723,24.076557,-18.607723,-24.076557
18.608782,24.091349,-18.608782,-24.091349
18.609840,24.106140,-18.609840,-24.106140
18.610899,24.120932,-18.610899,-24.120932
18.611958,24.135723,-18.611958,-24.135723
18.613016,24.150515,-18.613016,-24.150515
18.614075,24.165306,-18.614075,-24.165306
18.615133,24.180098,-18.615133,-24.180098
18.616192,24.194891,-18.616192,-24.194891
18.617252,24.209684,-18.617252,-24.209684
18.618313,24.224478,-18.618313,-24.224478
18.619373,24.239271,-18.619373,-24.239271
18.620434,24.254065,-18.620434,-24.254065
18.621494,24.268858,-18.621494,-24.268858
18.622555,24.283651,-18.622555,-24.283651
18.623615,24.298447,-18.623615,-24.298447
18.624676,24.313242,-18.624676,-24.313242
18.625736,24.328037,-18.625736,-24.328037
18.626799,24.342833,-18.626799,-24.342833
18.627861,24.357628,-18.627861,-24.357628
18.628923,24.372423,-18.628923,-24.372423
18.629986,24.387220,-18.629986,-24.387220
18.631048,24.402018,-18.631048,-24.402018
18.632111,24.416815,-18.632111,-24.416815
18.633173,24.431612,-18.633173,-24.431612
18.634235,24.446409,-18.634235,-24.446409
18.635298,24.461206,-18.635298,-24.461206
18.636362,24.476004,-18.636362,-24.476004
18.637426,24.490803,-18.637426,-24.490803
18.638491,24.505602,-18.638491,-24.505602
18.639555,24.520401,-18.639555,-24.520401
18.640619,24.535200,-18.640619,-24.535200
18.641684,24.549999,-18.641684,-24.549999
18.642748,24.564798,-18.642748,-24.564798
18.643812,24.579597,-18.643812,-24.579597
18.644876,24.594398,-18.644876,-24.594398
18.645943,24.609200,-18.645943,-24.609200
18.647009,24.624001,-18.647009,-24.624001
18.648075,24.638802,-18.648075,-24.638802
18.649141,24.653603,-18.649141,-24.653603
18.650208,24.668404,-18.650208,-24.668404
18.651274,24.683205,-18.651274,-24.683205
18.652340,24.698008,-18.652340,-24.698008
18.653406,24.712811,-18.653406,-24.712811
18.654472,24.727613,-18.654472,-24.727613
18.655540,24.742416,-18.655540,-24.742416
18.656609,24.757219,-18.656609,-24.757219
18.657677,24.772022,-18.657677,-24.772022
18.658745,24.786825,-18.658745,-24.786825
18.659813,24.801630,-18.659813,-24.801630
18.660881,24.816435,-18.660881,-24.816435
18.661949,24.831240,-18.661949,-24.831240
18.663017,24.846045,-18.663017,-24.846045
18.664085,24.860849,-18.664085,-24.860849
18.665155,24.875654,-18.665155,-24.875654
18.666225,24.890459,-18.666225,-24.890459
18.667295,24.905266,-18.667295,-24.905266
18.668365,24.920073,-18.668365,-24.920073
18.669436,24.934879,-18.669436,-24.934879
18.670506,24.949686,-18.670506,-24.949686
18.671576,24.964493,-18.671576,-24.964493
18.672646,24.979300,-18.672646,-24.979300
18.673716,24.994106,-18.673716,-24.994106
18.674788,25.008915,-18.674788,-25.008915
18.675859,25.023724,-18.675859,-25.023724
18.676931,25.038532,-18.676931,-25.038532
18.678003,25.053341,-18.678003,-25.053341
18.679075,25.068150,-18.679075,-25.068150
18.680147,25.082958,-18.680147,-25.082958
18.681219,25.097769,-18.681219,-25.097769
18.682291,25.112579,-18.682291,-25.112579
18.683363,25.127390,-18.683363,-25.127390
18.684437,25.142200,-18.684437,-25.142200
18.685511,25.157011,-18.685511,-25.157011
18.686584,25.171822,-18.686584,-25.171822
18.687658,25.186632,-18.687658,-25.186632
18.688732,25.201445,-18.688732,-25.201445
18.689806,25.216257,-18.689806,-25.216257
18.690880,25.231070,-18.690880,-25.231070
18.691954,25.245882,-18.691954,-25.245882
18.693027,25.260695,-18.693027,-25.260695
18.694101,25.275507,-18.694101,-25.275507
18.695177,25.290319,-18.695177,-25.290319
18.696253,25.305134,-18.696253,-25.305134
18.697329,25.319948,-18.697329,-25.319948
18.698404,25.334763,-18.698404,-25.334763
18.699480,25.349577,-18.699480,-25.349577
18.700556,25.364391,-18.700556,-25.364391
18.701632,25.379206,-18.701632,-25.379206
18.702707,25.394020,-18.702707,-25.394020
18.703783,25.408834,-18.703783,-25.408834
18.704861,25.423651,-18.704861,-25.423651
18.705938,25.438467,-18.705938,-25.438467
18.707016,25.453283,-18.707016,-25.453283
18.708094,25.468100,-18.708094,-25.468100
18.709171,25.482916,-18.709171,-25.482916
18.710249,25.497732,-18.710249,-25.497732
18.711327,25.512548,-18.711327,-25.512548
18.712404,25.527367,-18.712404,-25.527367
18.713482,25.542185,-18.713482,-25.542185
18.714560,25.557003,-18.714560,-25.557003
18.715639,25.571821,-18.715639,-25.571821
18.716719,25.586639,-18.716719,-25.586639
18.717798,25.601458,-18.717798,-25.601458
18.718878,25.616276,-18.718878,-25.616276
18.719957,25.631096,-18.719957,-25.631096
18.721037,25.645916,-18.721037,-25.645916
18.722116,25.660736,-18.722116,-25.660736
18.723196,25.675556,-18.723196,-25.675556
18.724276,25.690376,-18.724276,-25.690376
18.725355,25.705196,-18.725355,-25.705196
18.726437,25.720016,-18.726437,-25.720016
18.727518,25.734838,-18.727518,-25.734838
18.728600,25.749660,-18.728600,-25.749660
18.729681,25.764482,-18.729681,-25.764482
18.730762,25.779305,-18.730762,-25.779305
18.731844,25.794127,-18.731844,-25.794127
18.732925,25.808949,-18.732925,-25.808949
18.734007,25.823771,-18.734007,-25.823771
18.735088,25.838594,-18.735088,-25.838594
18.736170,25.853418,-18.736170,-25.853418
18.737253,25.868242,-18.737253,-25.868242
18.738337,25.883066,-18.738337,-25.883066
18.739420,25.897890,-18.739420,-25.897890
18.740503,25.912714,-18.740503,-25.912714
18.741587,25.927538,-18.741587,-25.927538
18.742670,25.942364,-18.742670,-25.942364
18.743753,25.957190,-18.743753,-25.957190
18.744837,25.972015,-18.744837,-25.972015
18.745920,25.986841,-18.745920,-25.986841
18.747004,26.001667,-18.747004,-26.001667
18.748089,26.016493,-18.748089,-26.016493
18.749174,26.031319,-18.749174,-26.031319
18.750259,26.046146,-18.750259,-26.046146
18.751345,26.060974,-18.751345,-26.060974
18.752430,26.075802,-18.752430,-26.075802
18.753515,26.090630,-18.753515,-26.090630
18.754601,26.105457,-18.754601,-26.105457
18.755686,26.120285,-18.755686,-26.120285
18.756771,26.135113,-18.756771,-26.135113
18.757856,26.149940,-18.757856,-26.149940
18.758944,26.164770,-18.758944,-26.164770
18.760031,26.179600,-18.760031,-26.179600
18.761118,26.194429,-18.761118,-26.194429
18.762205,26.209259,-18.762205,-26.209259
18.763292,26.224089,-18.763292,-26.224089
18.764380,26.238918,-18.764380,-26.238918
18.765467,26.253748,-18.765467,-26.253748
18.766554,26.268579,-18.766554,-26.268579
18.767641,26.283411,-18.767641,-26.283411
18.768728,26.298243,-18.768728,-26.298243
18.769817,26.313074,-18.769817,-26.313074
18.770906,26.327906,-18.770906,-26.327906
18.771996,26.342737,-18.771996,-26.342737
18.773085,26.357569,-18.773085,-26.357569
18.774174,26.372402,-18.774174,-26.372402
18.775263,26.387236,-18.775263,-26.387236
18.776352,26.402069,-18.776352,-26.402069
18.777441,26.416903,-18.777441,-26.416903
18.778530,26.431736,-18.778530,-26.431736
18.779619,26.446569,-18.779619,-26.446569
18.780710,26.461403,-18.780710,-26.461403
18.781801,26.476236,-18.781801,-26.476236
18.782892,26.491072,-18.782892,-26.491072
18.783983,26.505907,-18.783983,-26.505907
18.785074,26.520742,-18.785074,-26.520742
18.786165,26.535578,-18.786165,-26.535578
18.787256,26.550413,-18.787256,-26.550413
18.788347,26.565248,-18.788347,-26.565248
18.789438,26.580084,-18.789438,-26.580084
18.790529,26.594921,-18.790529,-26.594921
18.791620,26.609758,-18.791620,-26.609758
18.792713,26.624596,-18.792713,-26.624596
18.793806,26.639433,-18.793806,-26.639433
18.794899,26.654270,-18.794899,-26.654270
18.795992,26.669107,-18.795992,-26.669107
18.797085,26.683945,-18.797085,-26.683945
18.798178,26.698782,-18.798178,-26.698782
18.799271,26.713621,-18.799271,-26.713621
18.800364,26.728460,-18.800364,-26.728460
18.801456,26.743299,-18.801456,-26.743299
18.802549,26.758139,-18.802549,-26.758139
18.803644,26.772978,-18.803644,-26.772978
18.804739,26.787817,-18.804739,-26.787817
18.805834,26.802656,-18.805834,-26.802656
18.806929,26.817497,-18.806929,-26.817497
18.808023,26.832338,-18.808023,-26.832338
18.809118,26.847179,-18.809118,-26.847179
18.810213,26.862020,-18.810213,-26.862020
18.811308,26.876862,-18.811308,-26.876862
18.812403,26.891703,-18.812403,-26.891703
18.813498,26.906544,-18.813498,-26.906544
18.814592,26.921385,-18.814592,-26.921385
18.815689,26.936228,-18.815689,-26.936228
18.816786,26.951071,-18.816786,-26.951071
18.817883,26.965914,-18.817883,-26.965914
18.818979,26.980757,-18.818979,-26.980757
18.820076,26.995600,-18.820076,-26.995600
18.821173,27.010443,-18.821173,-27.010443
18.822269,27.025286,-18.822269,-27.025286
18.823366,27.040131,-18.823366,-27.040131
18.824463,27.054976,-18.824463,-27.054976
18.825560,27.069820,-18.825560,-27.069820
18.826656,27.084665,-18.826656,-27.084665
18.827755,27.099510,-18.827755,-27.099510
18.828854,27.114355,-18.828854,-27.114355
18.829952,27.129200,-18.829952,-27.129200
18.831051,27.144045,-18.831051,-27.144045
18.832150,27.158892,-18.832150,-27.158892
18.833248,27.173738,-18.833248,-27.173738
18.834347,27.188585,-18.834347,-27.188585
18.835445,27.203432,-18.835445,-27.203432
18.836544,27.218279,-18.836544,-27.218279
18.837643,27.233126,-18.837643,-27.233126
18.838741,27.247972,-18.838741,-27.247972
18.839842,27.262821,-18.839842,-27.262821
18.840942,27.277670,-18.840942,-27.277670
18.842043,27.292519,-18.842043,-27.292519
18.843143,27.307367,-18.843143,-27.307367
18.844244,27.322216,-18.844244,-27.322216
18.845345,27.337065,-18.845345,-27.337065
18.846445,27.351913,-18.846445,-27.351913
18.847546,27.366762,-18.847546,-27.366762
18.848646,27.381613,-18.848646,-27.381613
18.849747,27.396463,-18.849747,-27.396463
18.850847,27.411314,-18.850847,-27.411314
18.851950,27.426165,-18.851950,-27.426165
18.853052,27.441015,-18.853052,-27.441015
18.854155,27.455866,-18.854155,-27.455866
18.855257,27.470716,-18.855257,-27.470716
18.856359,27.485567,-18.856359,-27.485567
18.857462,27.500420,-18.857462,-27.500420
18.858564,27.515272,-18.858564,-27.515272
18.859667,27.530125,-18.859667,-27.530125
18.860769,27.544977,-18.860769,-27.544977
18.861872,27.559830,-18.861872,-27.559830
18.862974,27.574682,-18.862974,-27.574682
18.864079,27.589535,-18.864079,-27.589535
18.865183,27.604389,-18.865183,-27.604389
18.866287,27.619244,-18.866287,-27.619244
18.867392,27.634098,-18.867392,-27.634098
18.868496,27.648952,-18.868496,-27.648952
18.869600,27.663807,-18.869600,-27.663807
18.870705,27.678661,-18.870705,-27.678661
18.871809,27.693516,-18.871809,-27.693516
18.872913,27.708370,-18.872913,-27.708370
18.874018,27.723227,-18.874018,-27.723227
18.875122,27.738083,-18.875122,-27.738083
18.876228,27.752939,-18.876228,-27.752939
18.877335,27.767796,-18.877335,-27.767796
18.878441,27.782652,-18.878441,-27.782652
18.879547,27.797508,-18.879547,-27.797508
18.880653,27.812365,-18.880653,-27.812365
18.881760,27.827221,-18.881760,-27.827221
18.882866,27.842079,-18.882866,-27.842079
18.883972,27.856937,-18.883972,-27.856937
18.885078,27.871796,-18.885078,-27.871796
18.886185,27.886654,-18.886185,-27.886654
18.887291,27.901512,-18.887291,-27.901512
18.888397,27.916370,-18.888397,-27.916370
18.889505,27.931229,-18.889505,-27.931229
18.890614,27.946087,-18.890614,-27.946087
18.891722,27.960947,-18.891722,-27.960947
18.892830,27.975807,-18.892830,-27.975807
18.893938,27.990667,-18.893938,-27.990667
18.895046,28.005527,-18.895046,-28.005527
18.896154,28.020388,-18.896154,-28.020388
18.897263,28.035248,-18.897263,-28.035248
18.898371,28.050108,-18.898371,-28.050108
18.899479,28.064968,-18.899479,-28.064968
18.900587,28.079830,-18.900587,-28.079830
18.901695,28.094692,-18.901695,-28.094692
18.902805,28.109554,-18.902805,-28.109554
18.903915,28.124416,-18.903915,-28.124416
18.905025,28.139278,-18.905025,-28.139278
18.906136,28.154140,-18.906136,-28.154140
18.907246,28.169003,-18.907246,-28.169003
18.908356,28.183867,-18.908356,-28.183867
18.909466,28.198730,-18.909466,-28.198730
18.910576,28.213594,-18.910576,-28.213594
18.911686,28.228458,-18.911686,-28.228458
18.912796,28.243322,-18.912796,-28.243322
18.913906,28.258186,-18.913906,-28.258186
18.915018,28.273050,-18.915018,-28.273050
18.916130,28.287914,-18.916130,-28.287914
18.917242,28.302780,-18.917242,-28.302780
18.918354,28.317646,-18.918354,-28.317646
18.919466,28.332512,-18.919466,-28.332512
18.920578,28.347378,-18.920578,-28.347378
18.921690,28.362244,-18.921690,-28.362244
18.922802,28.377110,-18.922802,-28.377110
18.923914,28.391975,-18.923914,-28.391975
18.925026,28.406841,-18.925026,-28.406841
18.926138,28.421709,-18.926138,-28.421709
18.927250,28.436577,-18.927250,-28.436577
18.928364,28.451445,-18.928364,-28.451445
18.929478,28.466312,-18.929478,-28.466312
18.930592,28.481180,-18.930592,-28.481180
18.931705,28.496048,-18.931705,-28.496048
18.932819,28.510916,-18.932819,-28.510916
18.933933,28.525784,-18.933933,-28.525784
18.935047,28.540653,-18.935047,-28.540653
18.936161,28.555523,-18.936161,-28.555523
18.937275,28.570393,-18.937275,-28.570393
18.938389,28.585262,-18.938389,-28.585262
18.939503,28.600132,-18.939503,-28.600132
18.940617,28.615002,-18.940617,-28.615002
18.941732,28.629871,-18.941732,-28.629871
18.942848,28.644741,-18.942848,-28.644741
18.943964,28.659613,-18.943964,-28.659613
18.945080,28.674484,-18.945080,-28.674484
18.946196,28.689356,-18.946196,-28.689356
18.947311,28.704227,-18.947311,-28.704227
18.948427,28.719099,-18.948427,-28.719099
18.949543,28.733971,-18.949543,-28.733971
18.950659,28.748842,-18.950659,-28.748842
18.951775,28.763714,-18.951775,-28.763714
18.952890,28.778585,-18.952890,-28.778585
18.954006,28.793459,-18.954006,-28.793459
18.955122,28.808332,-18.955122,-28.808332
18.956240,28.823206,-18.956240,-28.823206
18.957357,28.838079,-18.957357,-28.838079
18.958475,28.852953,-18.958475,-28.852953
18.959593,28.867826,-18.959593,-28.867826
18.960711,28.882700,-18.960711,-28.882700
18.961828,28.897573,-18.961828,-28.897573
18.962946,28.912449,-18.962946,-28.912449
18.964064,28.927324,-18.964064,-28.927324
18.965181,28.942200,-18.965181,-28.942200
18.966299,28.957075,-18.966299,-28.957075
18.967417,28.971951,-18.967417,-28.971951
18.968534,28.986826,-18.968534,-28.986826
18.969654,29.001701,-18.969654,-29.001701
18.970774,29.016577,-18.970774,-29.016577
18.971893,29.031454,-18.971893,-29.031454
18.973013,29.046331,-18.973013,-29.046331
18.974133,29.061209,-18.974133,-29.061209
18.975252,29.076086,-18.975252,-29.076086
18.976372,29.090963,-18.976372,-29.090963
18.977491,29.105841,-18.977491,-29.105841
18.978611,29.120718,-18.978611,-29.120718
18.979731,29.135595,-18.979731,-29.135595
18.980850,29.150475,-18.980850,-29.150475
18.981970,29.165354,-18.981970,-29.165354
18.983089,29.180233,-18.983089,-29.180233
18.984211,29.195112,-18.984211,-29.195112
18.985332,29.209991,-18.985332,-29.209991
18.986454,29.224871,-18.986454,-29.224871
18.987576,29.239750,-18.987576,-29.239750
18.988697,29.254629,-18.988697,-29.254629
18.989819,29.269510,-18.989819,-29.269510
18.990940,29.284391,-18.990940,-29.284391
18.992062,29.299273,-18.992062,-29.299273
18.993183,29.314154,-18.993183,-29.314154
18.994305,29.329035,-18.994305,-29.329035
18.995426,29.343916,-18.995426,-29.343916
18.996548,29.358797,-18.996548,-29.358797
18.997669,29.373678,-18.997669,-29.373678
18.998793,29.388559,-18.998793,-29.388559
18.999916,29.403442,-18.999916,-29.403442
19.001040,29.418325,-19.001040,-29.418325
19.002163,29.433208,-19.002163,-29.433208
19.003286,29.448092,-19.003286,-29.448092
19.004410,29.462975,-19.004410,-29.462975
19.005533,29.477858,-19.005533,-29.477858
19.006657,29.492741,-19.006657,-29.492741
19.007780,29.507624,-19.007780,-29.507624
19.008904,29.522509,-19.008904,-29.522509
19.010027,29.537394,-19.010027,-29.537394
19.011150,29.552279,-19.011150,-29.552279
19.012274,29.567163,-19.012274,-29.567163
19.013399,29.582048,-19.013399,-29.582048
19.014524,29.596933,-19.014524,-29.596933
19.015650,29.611818,-19.015650,-29.611818
19.016775,29.626703,-19.016775,-29.626703
19.017900,29.641590,-19.017900,-29.641590
19.019026,29.656477,-19.019026,-29.656477
19.020151,29.671364,-19.020151,-29.671364
19.021276,29.686251,-19.021276,-29.686251
19.022402,29.701138,-19.022402,-29.701138
19.023527,29.716024,-19.023527,-29.716024
19.024652,29.730911,-19.024652,-29.730911
19.025778,29.745798,-19.025778,-29.745798
19.026903,29.760685,-19.026903,-29.760685
19.028030,29.775574,-19.028030,-29.775574
19.029158,29.790462,-19.029158,-29.790462
19.030285,29.805351,-19.030285,-29.805351
19.031412,29.820240,-19.031412,-29.820240
19.032539,29.835129,-19.032539,-29.835129
19.033667,29.850018,-19.033667,-29.850018
19.034794,29.864906,-19.034794,-29.864906
19.035921,29.879795,-19.035921,-29.879795
19.037048,29.894686,-19.037048,-29.894686
19.038176,29.909576,-19.038176,-29.909576
19.039303,29.924467,-19.039303,-29.924467
19.040430,29.939358,-19.040430,-29.939358
19.041557,29.954248,-19.041557,-29.954248
19.042686,29.969139,-19.042686,-29.969139
19.043816,29.984030,-19.043816,-29.984030
19.044945,29.998920,-19.044945,-29.998920
19.046074,30.013811,-19.046074,-30.013811
19.047203,30.028704,-19.047203,-30.028704
19.048332,30.043596,-19.048332,-30.043596
19.049461,30.058489,-19.049461,-30.058489
19.050591,30.073381,-19.050591,-30.073381
19.051720,30.088274,-19.051720,-30.088274
19.052849,30.103167,-19.052849,-30.103167
19.053978,30.118059,-19.053978,-30.118059
19.055107,30.132952,-19.055107,-30.132952
19.056236,30.147846,-19.056236,-30.147846
19.057365,30.162741,-19.057365,-30.162741
19.058496,30.177635,-19.058496,-30.177635
19.059628,30.192530,-19.059628,-30.192530
19.060759,30.207424,-19.060759,-30.207424
19.061890,30.222319,-19.061890,-30.222319
19.063021,30.237213,-19.063021,-30.237213
19.064152,30.252108,-19.064152,-30.252108
19.065283,30.267002,-19.065283,-30.267002
19.066414,30.281898,-19.066414,-30.281898
19.067545,30.296795,-19.067545,-30.296795
19.068676,30.311691,-19.068676,-30.311691
19.069807,30.326588,-19.069807,-30.326588
19.070938,30.341484,-19.070938,-30.341484
19.072069,30.356380,-19.072069,-30.356380
19.073202,30.371277,-19.073202,-30.371277
19.074335,30.386173,-19.074335,-30.386173
19.075468,30.401070,-19.075468,-30.401070
19.076601,30.415968,-19.076601,-30.415968
19.077734,30.430866,-19.077734,-30.430866
19.078867,30.445765,-19.078867,-30.445765
19.080000,30.460663,-19.080000,-30.460663
19.081133,30.475561,-19.081133,-30.475561
19.082266,30.490459,-19.082266,-30.490459
19.083399,30.505358,-19.083399,-30.505358
19.084532,30.520256,-19.084532,-30.520256
19.085665,30.535156,-19.085665,-30.535156
19.086798,30.550056,-19.086798,-30.550056
19.087931,30.564957,-19.087931,-30.564957
19.089066,30.579857,-19.089066,-30.579857
19.090200,30.594757,-19.090200,-30.594757
19.091335,30.609657,-19.091335,-30.609657
19.092470,30.624557,-19.092470,-30.624557
19.093605,30.639458,-19.093605,-30.639458
19.094740,30.654358,-19.094740,-30.654358
19.095875,30.669260,-19.095875,-30.669260
19.097010,30.684162,-19.097010,-30.684162
19.098145,30.699064,-19.098145,-30.699064
19.099279,30.713966,-19.099279,-30.713966
19.100414,30.728868,-19.100414,-30.728868
19.101549,30.743771,-19.101549,-30.743771
19.102684,30.758673,-19.102684,-30.758673
19.103819,30.773575,-19.103819,-30.773575
19.104956,30.788477,-19.104956,-30.788477
19.106092,30.803381,-19.106092,-30.803381
19.107229,30.818285,-19.107229,-30.818285
19.108366,30.833189,-19.108366,-30.833189
19.109503,30.848093,-19.109503,-30.848093
19.110640,30.862997,-19.110640,-30.862997
19.111776,30.877901,-19.111776,-30.877901
19.112913,30.892805,-19.112913,-30.892805
19.114050,30.907709,-19.114050,-30.907709
19.115187,30.922613,-19.115187,-30.922613
19.116323,30.937519,-19.116323,-30.937519
19.117460,30.952425,-19.117460,-30.952425
19.118597,30.967331,-19.118597,-30.967331
19.119734,30.982237,-19.119734,-30.982237
19.120871,30.997143,-19.120871,-30.997143
19.122009,31.012049,-19.122009,-31.012049
19.123148,31.026955,-19.123148,-31.026955
19.124287,31.041861,-19.124287,-31.041861
19.125425,31.056767,-19.125425,-31.056767
19.126564,31.071674,-19.126564,-31.071674
19.127703,31.086582,-19.127703,-31.086582
19.128841,31.101490,-19.128841,-31.101490
19.129980,31.116398,-19.129980,-31.116398
19.131119,31.131306,-19.131119,-31.131306
19.132257,31.146214,-19.132257,-31.146214
19.133396,31.161121,-19.133396,-31.161121
19.134535,31.176029,-19.134535,-31.176029
19.135674,31.190937,-19.135674,-31.190937
19.136812,31.205847,-19.136812,-31.205847
19.137953,31.220757,-19.137953,-31.220757
19.139093,31.235666,-19.139093,-31.235666
19.140234,31.250576,-19.140234,-31.250576
19.141375,31.265486,-19.141375,-31.265486
19.142515,31.280396,-19.142515,-31.280396
19.143656,31.295305,-19.143656,-31.295305
19.144796,31.310215,-19.144796,-31.310215
19.145937,31.325125,-19.145937,-31.325125
19.147078,31.340036,-19.147078,-31.340036
19.148218,31.354948,-19.148218,-31.354948
19.149359,31.369860,-19.149359,-31.369860
19.150499,31.384771,-19.150499,-31.384771
19.151640,31.399683,-19.151640,-31.399683
19.152781,31.414595,-19.152781,-31.414595
19.153921,31.429506,-19.153921,-31.429506
19.155064,31.444418,-19.155064,-31.444418
19.156206,31.459330,-19.156206,-31.459330
19.157349,31.474243,-19.157349,-31.474243
19.158491,31.489157,-19.158491,-31.489157
19.159634,31.504070,-19.159634,-31.504070
19.160776,31.518984,-19.160776,-31.518984
19.161919,31.533897,-19.161919,-31.533897
19.163061,31.548811,-19.163061,-31.548811
19.164204,31.563725,-19.164204,-31.563725
19.165346,31.578638,-19.165346,-31.578638
19.166489,31.593552,-19.166489,-31.593552
19.167631,31.608467,-19.167631,-31.608467
19.168774,31.623383,-19.168774,-31.623383
19.169916,31.638298,-19.169916,-31.638298
19.171059,31.653214,-19.171059,-31.653214
19.172203,31.668129,-19.172203,-31.668129
19.173347,31.683044,-19.173347,-31.683044
19.174492,31.697960,-19.174492,-31.697960
19.175636,31.712875,-19.175636,-31.712875
19.176781,31.727791,-19.176781,-31.727791
19.177925,31.742708,-19.177925,-31.742708
19.179070,31.757626,-19.179070,-31.757626
19.180214,31.772543,-19.180214,-31.772543
19.181358,31.787460,-19.181358,-31.787460
19.182503,31.802378,-19.182503,-31.802378
19.183647,31.817295,-19.183647,-31.817295
19.184792,31.832212,-19.184792,-31.832212
19.185936,31.847130,-19.185936,-31.847130
19.187080,31.862047,-19.187080,-31.862047
19.188225,31.876966,-19.188225,-31.876966
19.189371,31.891886,-19.189371,-31.891886
19.190517,31.906805,-19.190517,-31.906805
19.191664,31.921724,-19.191664,-31.921724
19.192810,31.936644,-19.192810,-31.936644
19.193956,31.951563,-19.193956,-31.951563
19.195103,31.966482,-19.195103,-31.966482
19.196249,31.981401,-19.196249,-31.981401
19.197395,31.996321,-19.197395,-31.996321
19.198542,32.011242,-19.198542,-32.011242
19.199688,32.026161,-19.199688,-32.026161
19.200834,32.041080,-19.200834,-32.041080
19.201981,32.056000,-19.201981,-32.056000
19.203127,32.070919,-19.203127,-32.070919
19.204273,32.085842,-19.204273,-32.085842
19.205420,32.100765,-19.205420,-32.100765
19.206566,32.115688,-19.206566,-32.115688
19.207714,32.130611,-19.207714,-32.130611
19.208862,32.145535,-19.208862,-32.145535
19.210011,32.160458,-19.210011,-32.160458
19.211159,32.175381,-19.211159,-32.175381
19.212307,32.190304,-19.212307,-32.190304
19.213455,32.205227,-19.213455,-32.205227
19.214603,32.220150,-19.214603,-32.220150
19.215752,32.235073,-19.215752,-32.235073
19.216900,32.249996,-19.216900,-32.249996
19.218048,32.264919,-19.218048,-32.264919
19.219196,32.279842,-19.219196,-32.279842
19.220345,32.294765,-19.220345,-32.294765
19.221493,32.309689,-19.221493,-32.309689
19.222641,32.324612,-19.222641,-32.324612
19.223789,32.339535,-19.223789,-32.339535
19.224939,32.354458,-19.224939,-32.354458
19.226089,32.369385,-19.226089,-32.369385
19.227240,32.384312,-19.227240,-32.384312
19.228390,32.399239,-19.228390,-32.399239
19.229540,32.414165,-19.229540,-32.414165
19.230690,32.429092,-19.230690,-32.429092
19.231840,32.444019,-19.231840,-32.444019
19.232990,32.458946,-19.232990,-32.458946
19.234140,32.473873,-19.234140,-32.473873
19.235291,32.488800,-19.235291,-32.488800
19.236441,32.503727,-19.236441,-32.503727
19.237591,32.518654,-19.237591,-32.518654
19.238741,32.533581,-19.238741,-32.533581
19.239891,32.548508,-19.239891,-32.548508
19.241041,32.563435,-19.241041,-32.563435
19.242191,32.578362,-19.242191,-32.578362
19.243343,32.593288,-19.243343,-32.593288
19.244495,32.608215,-19.244495,-32.608215
19.245647,32.623142,-19.245647,-32.623142
19.246799,32.638069,-19.246799,-32.638069
19.247952,32.653000,-19.247952,-32.653000
19.249104,32.667931,-19.249104,-32.667931
19.250256,32.682861,-19.250256,-32.682861
19.251408,32.697792,-19.251408,-32.697792
19.252560,32.712723,-19.252560,-32.712723
19.253712,32.727654,-19.253712,-32.727654
19.254864,32.742584,-19.254864,-32.742584
19.256016,32.757515,-19.256016,-32.757515
19.257168,32.772446,-19.257168,-32.772446
19.258320,32.787376,-19.258320,-32.787376
19.259472,32.802307,-19.259472,-32.802307
19.260624,32.817238,-19.260624,-32.817238
19.261776,32.832169,-19.261776,-32.832169
19.262930,32.847099,-19.262930,-32.847099
